time	V(bit0)	V(bit1)	V(bit2)	V(bit3)	V(bitline0)	V(bitline1)
0.000000000000000e+00	0.000000e+00	0.000000e+00	0.000000e+00	0.000000e+00	0.000000e+00	0.000000e+00
2.246093783376700e-15	1.143741e+00	5.717945e-01	1.143741e+00	8.836343e-13	4.955990e-01	4.955357e-01
3.218913642579078e-15	1.347276e+00	6.735438e-01	1.347276e+00	1.273355e-12	5.809625e-01	5.828838e-01
5.164553360983833e-15	1.347183e+00	6.734883e-01	1.347183e+00	2.041515e-12	5.838588e-01	5.906592e-01
9.055832797793345e-15	1.347174e+00	6.734821e-01	1.347174e+00	3.507084e-12	6.075029e-01	6.195069e-01
1.683839167141237e-14	1.347176e+00	6.734834e-01	1.347176e+00	6.285274e-12	6.397364e-01	6.588229e-01
2.450982588036746e-14	1.347175e+00	6.734829e-01	1.347175e+00	8.716836e-12	6.528638e-01	6.762043e-01
3.985269429827764e-14	1.347176e+00	6.734834e-01	1.347176e+00	1.262815e-11	6.600122e-01	6.864743e-01
6.102772668672687e-14	1.347175e+00	6.734832e-01	1.347175e+00	1.645631e-11	6.621144e-01	6.896937e-01
9.582120929994412e-14	1.347176e+00	6.734834e-01	1.347176e+00	2.023627e-11	6.620585e-01	6.898227e-01
1.405285641131513e-13	1.347175e+00	6.734833e-01	1.347175e+00	2.267607e-11	6.616734e-01	6.894792e-01
2.299432737395656e-13	1.347175e+00	6.734832e-01	1.347175e+00	2.472263e-11	6.611027e-01	6.889386e-01
4.087726929923942e-13	1.347174e+00	6.734829e-01	1.347174e+00	2.692850e-11	6.599817e-01	6.878607e-01
7.664315314980513e-13	1.347174e+00	6.734826e-01	1.347174e+00	3.067585e-11	6.577542e-01	6.857168e-01
1.481749208509365e-12	1.347173e+00	6.734822e-01	1.347173e+00	3.814085e-11	6.533372e-01	6.814516e-01
2.912384562531994e-12	1.347172e+00	6.734819e-01	1.347172e+00	5.298196e-11	6.446599e-01	6.730294e-01
5.773655270577252e-12	1.347171e+00	6.734816e-01	1.347171e+00	8.229997e-11	6.278775e-01	6.566170e-01
1.149619668666777e-11	1.347170e+00	6.734813e-01	1.347170e+00	1.394752e-10	5.963654e-01	6.255158e-01
2.294127951884880e-11	1.347169e+00	6.734810e-01	1.347169e+00	2.480934e-10	5.404087e-01	5.697786e-01
4.583144518321085e-11	1.347169e+00	6.734807e-01	1.347169e+00	4.444845e-10	4.508141e-01	4.798073e-01
9.161177651193497e-11	1.347168e+00	6.734806e-01	1.347168e+00	7.753401e-10	3.295186e-01	3.568087e-01
1.736200095419399e-10	1.347168e+00	6.734806e-01	1.347168e+00	1.256207e-09	2.118760e-01	2.325775e-01
2.517505216996831e-10	1.347168e+00	6.734806e-01	1.347168e+00	1.653332e-09	1.969380e-01	2.074581e-01
3.406118114759017e-10	1.347168e+00	6.734806e-01	1.347168e+00	2.137987e-09	2.898430e-01	2.917500e-01
4.376659299546571e-10	1.347168e+00	6.734806e-01	1.347168e+00	2.810228e-09	4.472186e-01	4.469202e-01
5.554995872570758e-10	1.347168e+00	6.734806e-01	1.347168e+00	3.790257e-09	6.184946e-01	6.184089e-01
6.000000000000000e-10	1.347181e+00	6.734875e-01	1.347181e+00	4.191094e-09	6.596125e-01	6.597638e-01
6.077641421660268e-10	1.347173e+00	6.734830e-01	1.347173e+00	4.260647e-09	6.557686e-01	6.558810e-01
6.232924264980805e-10	1.347168e+00	6.734806e-01	1.347168e+00	4.397544e-09	6.519657e-01	6.520439e-01
6.543489951621879e-10	1.347168e+00	6.734806e-01	1.347168e+00	4.662358e-09	6.505844e-01	6.506374e-01
7.164621324904025e-10	1.347168e+00	6.734806e-01	1.347168e+00	5.165717e-09	6.514037e-01	6.514491e-01
7.971991905357502e-10	1.347168e+00	6.734806e-01	1.347168e+00	5.768324e-09	6.526123e-01	6.526564e-01
9.586733066264456e-10	1.347168e+00	6.734806e-01	1.347168e+00	6.839609e-09	6.547860e-01	6.548250e-01
1.183282681626446e-09	1.347168e+00	6.734806e-01	1.347168e+00	8.141676e-09	6.575077e-01	6.575416e-01
1.407892056626445e-09	1.347168e+00	6.734806e-01	1.347168e+00	9.276691e-09	6.598874e-01	6.599167e-01
1.632501431626445e-09	1.347168e+00	6.734806e-01	1.347168e+00	1.028868e-08	6.619471e-01	6.619724e-01
1.857110806626445e-09	1.347168e+00	6.734806e-01	1.347168e+00	1.122303e-08	6.637282e-01	6.637501e-01
2.081720181626445e-09	1.347168e+00	6.734806e-01	1.347168e+00	1.211144e-08	6.652691e-01	6.652879e-01
2.306329556626445e-09	1.347168e+00	6.734806e-01	1.347168e+00	1.297619e-08	6.666006e-01	6.666167e-01
2.530938931626445e-09	1.347168e+00	6.734806e-01	1.347168e+00	1.383290e-08	6.677516e-01	6.677654e-01
2.755548306626445e-09	1.347168e+00	6.734806e-01	1.347168e+00	1.469250e-08	6.687455e-01	6.687574e-01
2.980157681626445e-09	1.347168e+00	6.734806e-01	1.347168e+00	1.556242e-08	6.696041e-01	6.696144e-01
3.204767056626445e-09	1.347168e+00	6.734806e-01	1.347168e+00	1.644758e-08	6.703452e-01	6.703540e-01
3.429376431626445e-09	1.347168e+00	6.734806e-01	1.347168e+00	1.735098e-08	6.709851e-01	6.709927e-01
3.653985806626445e-09	1.347168e+00	6.734806e-01	1.347168e+00	1.827430e-08	6.715372e-01	6.715437e-01
3.878595181626445e-09	1.347168e+00	6.734806e-01	1.347168e+00	1.921821e-08	6.720137e-01	6.720193e-01
4.103204556626445e-09	1.347168e+00	6.734806e-01	1.347168e+00	2.018266e-08	6.724247e-01	6.724296e-01
4.327813931626445e-09	1.347168e+00	6.734806e-01	1.347168e+00	2.116714e-08	6.727794e-01	6.727835e-01
4.552423306626446e-09	1.347168e+00	6.734805e-01	1.347168e+00	2.217078e-08	6.730852e-01	6.730887e-01
4.777032681626446e-09	1.347168e+00	6.734805e-01	1.347168e+00	2.319250e-08	6.733490e-01	6.733520e-01
5.001642056626446e-09	1.347168e+00	6.734805e-01	1.347168e+00	2.423111e-08	6.735764e-01	6.735790e-01
5.226251431626447e-09	1.347168e+00	6.734805e-01	1.347168e+00	2.528533e-08	6.737726e-01	6.737748e-01
5.450860806626447e-09	1.347168e+00	6.734805e-01	1.347168e+00	2.635391e-08	6.739417e-01	6.739436e-01
5.675470181626447e-09	1.347168e+00	6.734805e-01	1.347168e+00	2.743558e-08	6.740875e-01	6.740892e-01
5.900079556626448e-09	1.347168e+00	6.734805e-01	1.347168e+00	2.852916e-08	6.742133e-01	6.742147e-01
6.124688931626448e-09	1.347168e+00	6.734805e-01	1.347168e+00	2.963351e-08	6.743217e-01	6.743228e-01
6.349298306626448e-09	1.347168e+00	6.734805e-01	1.347168e+00	3.074755e-08	6.744151e-01	6.744162e-01
6.573907681626449e-09	1.347168e+00	6.734805e-01	1.347168e+00	3.187029e-08	6.744957e-01	6.744966e-01
6.798517056626449e-09	1.347168e+00	6.734805e-01	1.347168e+00	3.300082e-08	6.745651e-01	6.745659e-01
7.023126431626449e-09	1.347168e+00	6.734805e-01	1.347168e+00	3.413831e-08	6.746250e-01	6.746256e-01
7.247735806626450e-09	1.347168e+00	6.734805e-01	1.347168e+00	3.528199e-08	6.746766e-01	6.746771e-01
7.472345181626449e-09	1.347168e+00	6.734805e-01	1.347168e+00	3.643117e-08	6.747211e-01	6.747216e-01
7.696954556626449e-09	1.347167e+00	6.734805e-01	1.347167e+00	3.758523e-08	6.747594e-01	6.747599e-01
7.921563931626448e-09	1.347167e+00	6.734805e-01	1.347167e+00	3.874361e-08	6.747925e-01	6.747928e-01
8.146173306626448e-09	1.347167e+00	6.734805e-01	1.347167e+00	3.990582e-08	6.748210e-01	6.748213e-01
8.370782681626447e-09	1.347167e+00	6.734805e-01	1.347167e+00	4.107139e-08	6.748456e-01	6.748458e-01
8.595392056626447e-09	1.347167e+00	6.734804e-01	1.347167e+00	4.223993e-08	6.748667e-01	6.748669e-01
8.820001431626446e-09	1.347167e+00	6.734804e-01	1.347167e+00	4.341108e-08	6.748850e-01	6.748852e-01
9.044610806626446e-09	1.347167e+00	6.734804e-01	1.347167e+00	4.458454e-08	6.749007e-01	6.749009e-01
9.269220181626445e-09	1.347167e+00	6.734804e-01	1.347167e+00	4.576001e-08	6.749143e-01	6.749145e-01
9.493829556626445e-09	1.347167e+00	6.734804e-01	1.347167e+00	4.693726e-08	6.749260e-01	6.749261e-01
9.718438931626444e-09	1.347167e+00	6.734804e-01	1.347167e+00	4.811606e-08	6.749361e-01	6.749362e-01
9.943048306626444e-09	1.347167e+00	6.734804e-01	1.347167e+00	4.929622e-08	6.749448e-01	6.749449e-01
1.016765768162644e-08	1.347167e+00	6.734804e-01	1.347167e+00	5.047756e-08	6.749523e-01	6.749524e-01
1.039226705662644e-08	1.347167e+00	6.734804e-01	1.347167e+00	5.165996e-08	6.749587e-01	6.749588e-01
1.061687643162644e-08	1.347167e+00	6.734804e-01	1.347167e+00	5.284326e-08	6.749643e-01	6.749644e-01
1.084148580662644e-08	1.347167e+00	6.734803e-01	1.347167e+00	5.402735e-08	6.749691e-01	6.749692e-01
1.129070455662644e-08	1.347167e+00	6.734803e-01	1.347167e+00	5.639754e-08	6.749768e-01	6.749769e-01
1.173992330662644e-08	1.347167e+00	6.734803e-01	1.347167e+00	5.876984e-08	6.749826e-01	6.749826e-01
1.218914205662644e-08	1.347167e+00	6.734803e-01	1.347167e+00	6.114375e-08	6.749869e-01	6.749869e-01
1.286297018162644e-08	1.347167e+00	6.734803e-01	1.347167e+00	6.470680e-08	6.749914e-01	6.749914e-01
1.331218893162644e-08	1.347167e+00	6.734803e-01	1.347167e+00	6.708348e-08	6.749932e-01	6.749932e-01
1.376140768162644e-08	1.347167e+00	6.734803e-01	1.347167e+00	6.946049e-08	6.749947e-01	6.749947e-01
1.421062643162643e-08	1.347167e+00	6.734803e-01	1.347167e+00	7.183781e-08	6.749960e-01	6.749960e-01
1.465984518162643e-08	1.347167e+00	6.734803e-01	1.347167e+00	7.421546e-08	6.749970e-01	6.749970e-01
1.510906393162643e-08	1.347167e+00	6.734803e-01	1.347167e+00	7.659344e-08	6.749978e-01	6.749978e-01
1.555828268162643e-08	1.347167e+00	6.734802e-01	1.347167e+00	7.897174e-08	6.749982e-01	6.749982e-01
1.600750143162643e-08	1.347167e+00	6.734802e-01	1.347167e+00	8.135036e-08	6.749984e-01	6.749984e-01
1.735515768162643e-08	1.347167e+00	6.734802e-01	1.347167e+00	8.848643e-08	6.749989e-01	6.749989e-01
1.870281393162642e-08	1.347166e+00	6.734801e-01	1.347166e+00	9.562261e-08	6.749992e-01	6.749992e-01
2.005047018162642e-08	1.347166e+00	6.734801e-01	1.347166e+00	1.027589e-07	6.749995e-01	6.749995e-01
2.139812643162642e-08	1.347166e+00	6.734801e-01	1.347166e+00	1.098953e-07	6.749997e-01	6.749997e-01
2.274578268162642e-08	1.347166e+00	6.734800e-01	1.347166e+00	1.170318e-07	6.749998e-01	6.749998e-01
2.409343893162642e-08	1.347166e+00	6.734800e-01	1.347166e+00	1.241683e-07	6.749998e-01	6.749998e-01
2.544109518162641e-08	1.347166e+00	6.734800e-01	1.347166e+00	1.313050e-07	6.749997e-01	6.749997e-01
2.560000000000000e-08	1.347166e+00	6.734799e-01	1.347166e+00	1.321465e-07	6.749995e-01	6.749995e-01
2.561266829802043e-08	1.347166e+00	6.734799e-01	1.347166e+00	1.322126e-07	6.698823e-01	6.699110e-01
2.563800489406130e-08	1.347166e+00	6.734799e-01	1.347166e+00	1.323435e-07	6.622396e-01	6.622829e-01
2.568867808614302e-08	1.347166e+00	6.734799e-01	1.347166e+00	1.326031e-07	6.557408e-01	6.557227e-01
2.576004016308078e-08	1.347166e+00	6.734799e-01	1.347166e+00	1.329679e-07	6.541114e-01	6.540476e-01
2.584844205777713e-08	1.347166e+00	6.734799e-01	1.347166e+00	1.334187e-07	6.492621e-01	6.493577e-01
2.593958178798835e-08	1.347166e+00	6.734799e-01	1.347166e+00	1.338815e-07	6.446176e-01	6.448146e-01
2.612186124841079e-08	1.347166e+00	6.734799e-01	1.347166e+00	1.348083e-07	6.444088e-01	6.444774e-01
2.620000000000000e-08	1.347166e+00	6.734799e-01	1.347166e+00	1.352079e-07	6.456673e-01	6.456701e-01
2.622246093750000e-08	1.347166e+00	6.734799e-01	1.347166e+00	1.353247e-07	6.489763e-01	6.488754e-01
2.626738281250000e-08	1.347166e+00	6.734799e-01	1.347166e+00	1.355600e-07	6.540390e-01	6.538119e-01
2.635722656250000e-08	1.347166e+00	6.734799e-01	1.347166e+00	1.360351e-07	6.595725e-01	6.592879e-01
2.653691406250000e-08	1.347166e+00	6.734799e-01	1.347166e+00	1.369919e-07	6.635514e-01	6.633480e-01
2.676152343750000e-08	1.347166e+00	6.734799e-01	1.347166e+00	1.381901e-07	6.645836e-01	6.644845e-01
2.698613281250000e-08	1.347166e+00	6.734799e-01	1.347166e+00	1.393869e-07	6.646095e-01	6.645520e-01
2.990605468749999e-08	1.347165e+00	6.734798e-01	1.347165e+00	1.548269e-07	6.646000e-01	6.645511e-01
3.000000000000000e-08	1.347165e+00	6.734798e-01	1.347165e+00	1.553222e-07	6.645999e-01	6.645511e-01
3.000331879989357e-08	1.347165e+00	6.734798e-01	1.347165e+00	1.553397e-07	6.645999e-01	6.645511e-01
3.000995639968070e-08	1.347165e+00	6.734798e-01	1.347165e+00	1.553747e-07	6.645998e-01	6.645511e-01
3.002323159925495e-08	1.347166e+00	6.734798e-01	1.347166e+00	1.554446e-07	6.645998e-01	6.645511e-01
3.004978199840346e-08	1.347169e+00	6.734798e-01	1.347169e+00	1.555846e-07	6.646000e-01	6.645511e-01
3.010288279670048e-08	1.347180e+00	6.734798e-01	1.347180e+00	1.558645e-07	6.646007e-01	6.645519e-01
3.020908439329452e-08	1.347220e+00	6.734798e-01	1.347220e+00	1.564243e-07	6.646047e-01	6.645558e-01
3.039660527292636e-08	1.347332e+00	6.734798e-01	1.347332e+00	1.574127e-07	6.646183e-01	6.645690e-01
3.050000000000000e-08	1.347412e+00	6.734798e-01	1.347412e+00	1.579578e-07	6.646292e-01	6.645797e-01
3.056738281250000e-08	1.347473e+00	6.734798e-01	1.347473e+00	1.583130e-07	6.646402e-01	6.645907e-01
3.065722656250000e-08	1.347553e+00	6.734798e-01	1.347553e+00	1.587866e-07	6.646572e-01	6.646074e-01
3.083691406250000e-08	1.347407e+00	6.734798e-01	1.347406e+00	1.597345e-07	6.647192e-01	6.646684e-01
3.106152343750000e-08	1.341103e+00	6.734798e-01	1.341099e+00	1.609333e-07	6.653396e-01	6.652761e-01
3.128613281250001e-08	1.311262e+00	6.734798e-01	1.311249e+00	1.621837e-07	6.684083e-01	6.682850e-01
3.151074218750001e-08	1.238748e+00	6.734798e-01	1.238713e+00	1.635208e-07	6.768346e-01	6.765708e-01
3.173535156250001e-08	1.124788e+00	6.734798e-01	1.124721e+00	1.649295e-07	6.918885e-01	6.914259e-01
3.195996093750001e-08	9.909090e-01	6.734798e-01	9.908011e-01	1.663595e-07	7.114515e-01	7.107896e-01
3.200000000000000e-08	9.671224e-01	6.734797e-01	9.670063e-01	1.666111e-07	7.152323e-01	7.145419e-01
3.201091629633411e-08	9.611461e-01	6.734797e-01	9.610275e-01	1.666783e-07	7.182839e-01	7.175155e-01
3.203274888900232e-08	9.495341e-01	6.734797e-01	9.494104e-01	1.668123e-07	7.238569e-01	7.229666e-01
3.207641407433874e-08	9.280235e-01	6.734797e-01	9.278886e-01	1.670778e-07	7.330406e-01	7.320160e-01
3.216374444501157e-08	8.918868e-01	6.734797e-01	8.917251e-01	1.675970e-07	7.473322e-01	7.462271e-01
3.233840518635724e-08	8.375497e-01	6.734797e-01	8.373283e-01	1.685863e-07	7.460903e-01	7.452850e-01
3.250000000000000e-08	8.008171e-01	6.734797e-01	8.005406e-01	1.694437e-07	6.951129e-01	6.951840e-01
3.251826886846587e-08	7.982845e-01	6.734797e-01	7.980037e-01	1.695266e-07	6.872073e-01	6.872588e-01
3.255480660539762e-08	7.935050e-01	6.734797e-01	7.932173e-01	1.696919e-07	6.803011e-01	6.803148e-01
3.262788207926110e-08	7.849826e-01	6.734797e-01	7.846859e-01	1.700228e-07	6.784558e-01	6.784483e-01
3.272863493688204e-08	7.750624e-01	6.734797e-01	7.747615e-01	1.704828e-07	6.784875e-01	6.784827e-01
3.286509842499918e-08	7.644075e-01	6.734797e-01	7.641115e-01	1.711158e-07	6.782034e-01	6.781986e-01
3.308970779999918e-08	7.509159e-01	6.734797e-01	7.506409e-01	1.721800e-07	6.778960e-01	6.778920e-01
3.331431717499919e-08	7.404709e-01	6.734797e-01	7.402228e-01	1.732703e-07	6.775715e-01	6.775679e-01
3.353892654999919e-08	7.321746e-01	6.734797e-01	7.319543e-01	1.743867e-07	6.772833e-01	6.772802e-01
3.376353592499919e-08	7.252292e-01	6.734797e-01	7.250350e-01	1.755255e-07	6.770179e-01	6.770152e-01
3.398814529999919e-08	7.190754e-01	6.734797e-01	7.189052e-01	1.766789e-07	6.767156e-01	6.767157e-01
3.400000000000000e-08	7.187742e-01	6.734797e-01	7.186052e-01	1.767402e-07	6.767350e-01	6.767313e-01
3.400097835661940e-08	7.187504e-01	6.734797e-01	7.185814e-01	1.812416e-07	6.767365e-01	6.767330e-01
3.400293506985820e-08	7.187027e-01	6.734797e-01	7.185339e-01	2.003438e-07	6.767390e-01	6.767356e-01
3.400684849633580e-08	7.186074e-01	6.734798e-01	7.184390e-01	2.878047e-07	6.767418e-01	6.767389e-01
3.401467534929100e-08	7.184178e-01	6.734800e-01	7.182502e-01	6.632379e-07	6.767426e-01	6.767399e-01
3.403032905520140e-08	7.180419e-01	6.734811e-01	7.178758e-01	2.209722e-06	6.767348e-01	6.767324e-01
3.406163646702219e-08	7.173027e-01	6.734852e-01	7.171395e-01	8.458319e-06	6.767089e-01	6.767067e-01
3.412425129066378e-08	7.158734e-01	6.735014e-01	7.157159e-01	3.365954e-05	6.766527e-01	6.766505e-01
3.424948093794695e-08	7.131824e-01	6.735629e-01	7.130353e-01	1.390855e-04	6.765454e-01	6.765433e-01
3.445631021240817e-08	7.090118e-01	6.737158e-01	7.088795e-01	4.371957e-04	6.763787e-01	6.763768e-01
3.450000000000000e-08	7.081783e-01	6.737590e-01	7.080485e-01	5.431379e-04	6.763454e-01	6.763434e-01
3.450386008733716e-08	7.081079e-01	6.737637e-01	7.079781e-01	5.616843e-04	6.735948e-01	6.736261e-01
3.451158026201147e-08	7.079667e-01	6.737733e-01	7.078370e-01	6.061386e-04	6.691313e-01	6.691895e-01
3.452702061136008e-08	7.076804e-01	6.737927e-01	7.075500e-01	7.539715e-04	6.631297e-01	6.631838e-01
3.455790131005731e-08	7.070866e-01	6.738330e-01	7.069445e-01	1.561592e-03	6.577854e-01	6.577711e-01
3.461675439550965e-08	7.058978e-01	6.739130e-01	7.056661e-01	5.582255e-03	6.577455e-01	6.574814e-01
3.468168067327946e-08	7.045282e-01	6.740036e-01	7.039737e-01	1.564802e-02	6.590745e-01	6.583358e-01
3.476934085047061e-08	7.026335e-01	6.741254e-01	7.009931e-01	4.051637e-02	6.593940e-01	6.571638e-01
3.487512037285611e-08	7.003639e-01	6.742761e-01	6.961231e-01	8.568708e-02	6.615795e-01	6.557727e-01
3.500000000000000e-08	6.977476e-01	6.744672e-01	6.890322e-01	1.520786e-01	6.659338e-01	6.541311e-01
3.502115590447710e-08	6.973436e-01	6.745250e-01	6.875106e-01	1.656712e-01	6.697099e-01	6.564112e-01
3.506346771343130e-08	6.965820e-01	6.747262e-01	6.843513e-01	1.933688e-01	6.755346e-01	6.591740e-01
3.514809133133971e-08	6.952851e-01	6.755852e-01	6.776667e-01	2.489354e-01	6.819861e-01	6.592233e-01
3.531733856715651e-08	6.933349e-01	6.783357e-01	6.640051e-01	3.515516e-01	6.866305e-01	6.509393e-01
3.554194794215651e-08	6.915781e-01	6.823909e-01	6.471311e-01	4.606256e-01	6.878514e-01	6.366978e-01
3.576655731715651e-08	6.904642e-01	6.856349e-01	6.334401e-01	5.336145e-01	6.879766e-01	6.250993e-01
3.599116669215651e-08	6.897824e-01	6.875903e-01	6.238953e-01	5.746495e-01	6.882338e-01	6.180063e-01
3.621577606715652e-08	6.893913e-01	6.885686e-01	6.180425e-01	5.951984e-01	6.885388e-01	6.143619e-01
3.644038544215652e-08	6.891974e-01	6.890072e-01	6.148044e-01	6.047055e-01	6.887796e-01	6.127151e-01
3.666499481715652e-08	6.891236e-01	6.891918e-01	6.131556e-01	6.088765e-01	6.889423e-01	6.120513e-01
3.688960419215653e-08	6.891115e-01	6.892731e-01	6.123323e-01	6.107434e-01	6.890516e-01	6.118032e-01
3.700000000000000e-08	6.891185e-01	6.892948e-01	6.121073e-01	6.112251e-01	6.890920e-01	6.117559e-01
3.700050000000000e-08	6.891186e-01	6.892948e-01	6.121067e-01	6.112264e-01	6.891100e-01	6.118306e-01
3.700150000000000e-08	6.891187e-01	6.892949e-01	6.121055e-01	6.112289e-01	6.891855e-01	6.121234e-01
3.700350000000000e-08	6.891189e-01	6.892952e-01	6.121031e-01	6.112340e-01	6.895915e-01	6.136552e-01
3.700500000000000e-08	6.891191e-01	6.892954e-01	6.121013e-01	6.112378e-01	6.902008e-01	6.159574e-01
3.700521156149471e-08	6.891191e-01	6.892954e-01	6.121011e-01	6.112383e-01	6.902801e-01	6.161881e-01
3.700563468448412e-08	6.891192e-01	6.892955e-01	6.121005e-01	6.112394e-01	6.904013e-01	6.164513e-01
3.700648093046296e-08	6.891193e-01	6.892956e-01	6.120996e-01	6.112415e-01	6.905085e-01	6.163508e-01
3.700778598901222e-08	6.891195e-01	6.892958e-01	6.120981e-01	6.112448e-01	6.904660e-01	6.153814e-01
3.700923578970682e-08	6.891196e-01	6.892959e-01	6.120964e-01	6.112485e-01	6.902401e-01	6.138305e-01
3.701126843588327e-08	6.891199e-01	6.892962e-01	6.120942e-01	6.112536e-01	6.897503e-01	6.115543e-01
3.701416389513626e-08	6.891203e-01	6.892967e-01	6.120909e-01	6.112608e-01	6.888934e-01	6.087758e-01
3.701995481364226e-08	6.891210e-01	6.892973e-01	6.120840e-01	6.112744e-01	6.868873e-01	6.046908e-01
3.703153665065424e-08	6.891208e-01	6.892971e-01	6.120680e-01	6.112979e-01	6.820948e-01	5.996492e-01
3.705000000000000e-08	6.891176e-01	6.892939e-01	6.120381e-01	6.113295e-01	6.734042e-01	5.953360e-01
3.705197305344039e-08	6.891164e-01	6.892928e-01	6.120341e-01	6.113317e-01	6.724457e-01	5.959237e-01
3.705591916032116e-08	6.891136e-01	6.892901e-01	6.120256e-01	6.113356e-01	6.706067e-01	5.971447e-01
3.706381137408271e-08	6.891062e-01	6.892829e-01	6.120079e-01	6.113421e-01	6.671094e-01	5.992791e-01
3.707152384988080e-08	6.890959e-01	6.892728e-01	6.119893e-01	6.113465e-01	6.639034e-01	6.006636e-01
3.708373486328956e-08	6.890700e-01	6.892478e-01	6.119576e-01	6.113496e-01	6.594142e-01	6.015997e-01
3.710815689010706e-08	6.889843e-01	6.891647e-01	6.118885e-01	6.113451e-01	6.524991e-01	6.016808e-01
3.714733647612592e-08	6.887463e-01	6.889334e-01	6.117610e-01	6.113085e-01	6.471187e-01	6.004165e-01
3.722569564816364e-08	6.880101e-01	6.882129e-01	6.114354e-01	6.111260e-01	6.489035e-01	5.971223e-01
3.737556622972019e-08	6.863583e-01	6.865797e-01	6.105720e-01	6.104514e-01	6.641250e-01	5.904522e-01
3.756498146104719e-08	6.847379e-01	6.849493e-01	6.089954e-01	6.090141e-01	6.833885e-01	5.809797e-01
3.778959083604719e-08	6.842373e-01	6.844001e-01	6.063434e-01	6.064410e-01	7.030524e-01	5.685967e-01
3.801420021104720e-08	6.855639e-01	6.856648e-01	6.027884e-01	6.029162e-01	7.221787e-01	5.560440e-01
3.823880958604720e-08	6.887358e-01	6.887810e-01	5.983136e-01	5.984470e-01	7.417467e-01	5.434716e-01
3.846341896104720e-08	6.936179e-01	6.936209e-01	5.929818e-01	5.931094e-01	7.617496e-01	5.306380e-01
3.868802833604720e-08	7.000766e-01	7.000503e-01	5.868571e-01	5.869739e-01	7.821689e-01	5.174861e-01
3.891263771104721e-08	7.079869e-01	7.079418e-01	5.799915e-01	5.800955e-01	8.028962e-01	5.039454e-01
3.913724708604721e-08	7.172291e-01	7.171728e-01	5.724250e-01	5.725163e-01	8.238099e-01	4.899888e-01
3.936185646104721e-08	7.276845e-01	7.276225e-01	5.641901e-01	5.642692e-01	8.447728e-01	4.756187e-01
3.958646583604722e-08	7.392335e-01	7.391695e-01	5.553153e-01	5.553832e-01	8.656336e-01	4.608937e-01
3.981107521104722e-08	7.517537e-01	7.516904e-01	5.458314e-01	5.458893e-01	8.862132e-01	4.459653e-01
4.003568458604722e-08	7.651162e-01	7.650554e-01	5.357814e-01	5.358304e-01	9.062158e-01	4.311893e-01
4.026029396104722e-08	7.791775e-01	7.791203e-01	5.252362e-01	5.252775e-01	9.251786e-01	4.171509e-01
4.048490333604723e-08	7.937701e-01	7.937173e-01	5.143086e-01	5.143430e-01	9.426661e-01	4.043778e-01
4.070951271104723e-08	8.087071e-01	8.086591e-01	5.031465e-01	5.031749e-01	9.585899e-01	3.929809e-01
4.093412208604723e-08	8.238039e-01	8.237610e-01	4.919046e-01	4.919278e-01	9.731961e-01	3.827046e-01
4.115873146104723e-08	8.389038e-01	8.388660e-01	4.807127e-01	4.807315e-01	9.867967e-01	3.732209e-01
4.138334083604724e-08	8.538899e-01	8.538570e-01	4.696616e-01	4.696767e-01	9.996232e-01	3.642837e-01
4.160795021104724e-08	8.686816e-01	8.686531e-01	4.588066e-01	4.588186e-01	1.011839e+00	3.557332e-01
4.183255958604724e-08	8.832263e-01	8.832019e-01	4.481770e-01	4.481865e-01	1.023564e+00	3.474685e-01
4.205716896104725e-08	8.974918e-01	8.974710e-01	4.377852e-01	4.377928e-01	1.034881e+00	3.394283e-01
4.228177833604725e-08	9.114597e-01	9.114420e-01	4.276339e-01	4.276398e-01	1.045836e+00	3.315788e-01
4.250638771104725e-08	9.251202e-01	9.251052e-01	4.177201e-01	4.177248e-01	1.056452e+00	3.239028e-01
4.273099708604725e-08	9.384685e-01	9.384557e-01	4.080384e-01	4.080421e-01	1.066740e+00	3.163926e-01
4.295560646104726e-08	9.515022e-01	9.514915e-01	3.985825e-01	3.985853e-01	1.076706e+00	3.090447e-01
4.318021583604726e-08	9.642206e-01	9.642116e-01	3.893459e-01	3.893482e-01	1.086355e+00	3.018573e-01
4.340482521104726e-08	9.766237e-01	9.766160e-01	3.803228e-01	3.803245e-01	1.095693e+00	2.948290e-01
4.362943458604727e-08	9.887119e-01	9.887055e-01	3.715073e-01	3.715087e-01	1.104725e+00	2.879578e-01
4.385404396104727e-08	1.000487e+00	1.000481e+00	3.628945e-01	3.628956e-01	1.113459e+00	2.812417e-01
4.407865333604727e-08	1.011949e+00	1.011945e+00	3.544793e-01	3.544801e-01	1.121901e+00	2.746782e-01
4.430326271104727e-08	1.023103e+00	1.023099e+00	3.462571e-01	3.462578e-01	1.130059e+00	2.682646e-01
4.452787208604728e-08	1.033949e+00	1.033946e+00	3.382235e-01	3.382240e-01	1.137942e+00	2.619979e-01
4.475248146104728e-08	1.044492e+00	1.044489e+00	3.303742e-01	3.303747e-01	1.145556e+00	2.558753e-01
4.497709083604728e-08	1.054735e+00	1.054733e+00	3.227052e-01	3.227055e-01	1.152910e+00	2.498939e-01
4.520170021104729e-08	1.064682e+00	1.064681e+00	3.152124e-01	3.152126e-01	1.160010e+00	2.440506e-01
4.542630958604729e-08	1.074339e+00	1.074337e+00	3.078919e-01	3.078921e-01	1.166865e+00	2.383426e-01
4.565091896104729e-08	1.083709e+00	1.083708e+00	3.007399e-01	3.007401e-01	1.173482e+00	2.327669e-01
4.587552833604729e-08	1.092797e+00	1.092796e+00	2.937528e-01	2.937530e-01	1.179868e+00	2.273208e-01
4.610013771104730e-08	1.101610e+00	1.101609e+00	2.869270e-01	2.869271e-01	1.186029e+00	2.220015e-01
4.632474708604730e-08	1.110152e+00	1.110151e+00	2.802590e-01	2.802590e-01	1.191975e+00	2.168062e-01
4.654935646104730e-08	1.118429e+00	1.118428e+00	2.737451e-01	2.737452e-01	1.197709e+00	2.117322e-01
4.677396583604731e-08	1.126447e+00	1.126446e+00	2.673822e-01	2.673822e-01	1.203241e+00	2.067770e-01
4.699857521104731e-08	1.134211e+00	1.134211e+00	2.611669e-01	2.611669e-01	1.208575e+00	2.019379e-01
4.722318458604731e-08	1.141728e+00	1.141728e+00	2.550959e-01	2.550960e-01	1.213719e+00	1.972125e-01
4.744779396104731e-08	1.149003e+00	1.149003e+00	2.491662e-01	2.491662e-01	1.218678e+00	1.925982e-01
4.767240333604732e-08	1.156042e+00	1.156042e+00	2.433746e-01	2.433746e-01	1.223459e+00	1.880927e-01
4.789701271104732e-08	1.162852e+00	1.162851e+00	2.377182e-01	2.377182e-01	1.228067e+00	1.836936e-01
4.812162208604732e-08	1.169437e+00	1.169437e+00	2.321939e-01	2.321939e-01	1.232509e+00	1.793985e-01
4.834623146104732e-08	1.175805e+00	1.175805e+00	2.267988e-01	2.267988e-01	1.236789e+00	1.752053e-01
4.857084083604733e-08	1.181960e+00	1.181960e+00	2.215302e-01	2.215302e-01	1.240913e+00	1.711116e-01
4.879545021104733e-08	1.187909e+00	1.187909e+00	2.163853e-01	2.163853e-01	1.244886e+00	1.671153e-01
4.902005958604733e-08	1.193658e+00	1.193658e+00	2.113613e-01	2.113613e-01	1.248714e+00	1.632143e-01
4.924466896104734e-08	1.199211e+00	1.199211e+00	2.064556e-01	2.064556e-01	1.252401e+00	1.594064e-01
4.946927833604734e-08	1.204575e+00	1.204575e+00	2.016657e-01	2.016657e-01	1.255952e+00	1.556897e-01
4.969388771104734e-08	1.209756e+00	1.209756e+00	1.969889e-01	1.969889e-01	1.259373e+00	1.520621e-01
4.991849708604734e-08	1.214758e+00	1.214757e+00	1.924227e-01	1.924227e-01	1.262666e+00	1.485216e-01
5.014310646104735e-08	1.219586e+00	1.219586e+00	1.879648e-01	1.879648e-01	1.265837e+00	1.450664e-01
5.036771583604735e-08	1.224247e+00	1.224247e+00	1.836128e-01	1.836128e-01	1.268891e+00	1.416945e-01
5.059232521104735e-08	1.228745e+00	1.228745e+00	1.793642e-01	1.793642e-01	1.271830e+00	1.384041e-01
5.081693458604736e-08	1.233086e+00	1.233086e+00	1.752169e-01	1.752169e-01	1.274660e+00	1.351934e-01
5.104154396104736e-08	1.237273e+00	1.237273e+00	1.711686e-01	1.711686e-01	1.277384e+00	1.320606e-01
5.126615333604736e-08	1.241313e+00	1.241313e+00	1.672171e-01	1.672171e-01	1.280005e+00	1.290039e-01
5.149076271104736e-08	1.245209e+00	1.245209e+00	1.633603e-01	1.633603e-01	1.282528e+00	1.260218e-01
5.171537208604737e-08	1.248966e+00	1.248966e+00	1.595960e-01	1.595960e-01	1.284956e+00	1.231124e-01
5.193998146104737e-08	1.252589e+00	1.252589e+00	1.559222e-01	1.559222e-01	1.287292e+00	1.202742e-01
5.216459083604737e-08	1.256081e+00	1.256081e+00	1.523369e-01	1.523369e-01	1.289540e+00	1.175055e-01
5.238920021104738e-08	1.259449e+00	1.259449e+00	1.488381e-01	1.488381e-01	1.291703e+00	1.148048e-01
5.261380958604738e-08	1.262694e+00	1.262694e+00	1.454238e-01	1.454238e-01	1.293784e+00	1.121706e-01
5.283841896104738e-08	1.265822e+00	1.265822e+00	1.420923e-01	1.420923e-01	1.295786e+00	1.096012e-01
5.306302833604738e-08	1.268836e+00	1.268836e+00	1.388415e-01	1.388415e-01	1.297711e+00	1.070953e-01
5.328763771104739e-08	1.271741e+00	1.271741e+00	1.356698e-01	1.356698e-01	1.299563e+00	1.046515e-01
5.351224708604739e-08	1.274539e+00	1.274539e+00	1.325753e-01	1.325753e-01	1.301344e+00	1.022681e-01
5.373685646104739e-08	1.277235e+00	1.277235e+00	1.295562e-01	1.295562e-01	1.303058e+00	9.994400e-02
5.396146583604740e-08	1.279831e+00	1.279831e+00	1.266110e-01	1.266110e-01	1.304705e+00	9.767769e-02
5.418607521104740e-08	1.282332e+00	1.282332e+00	1.237378e-01	1.237378e-01	1.306290e+00	9.546785e-02
5.441068458604740e-08	1.284741e+00	1.284741e+00	1.209351e-01	1.209351e-01	1.307813e+00	9.331319e-02
5.463529396104740e-08	1.287060e+00	1.287060e+00	1.182013e-01	1.182013e-01	1.309278e+00	9.121241e-02
5.485990333604741e-08	1.289294e+00	1.289294e+00	1.155347e-01	1.155347e-01	1.310687e+00	8.916426e-02
5.508451271104741e-08	1.291444e+00	1.291444e+00	1.129339e-01	1.129339e-01	1.312042e+00	8.716751e-02
5.530912208604741e-08	1.293514e+00	1.293514e+00	1.103973e-01	1.103973e-01	1.313344e+00	8.522096e-02
5.553373146104741e-08	1.295507e+00	1.295507e+00	1.079235e-01	1.079235e-01	1.314596e+00	8.332343e-02
5.575834083604742e-08	1.297426e+00	1.297426e+00	1.055110e-01	1.055110e-01	1.315799e+00	8.147375e-02
5.598295021104742e-08	1.299272e+00	1.299272e+00	1.031584e-01	1.031584e-01	1.316956e+00	7.967081e-02
5.620755958604742e-08	1.301049e+00	1.301049e+00	1.008643e-01	1.008643e-01	1.318068e+00	7.791349e-02
5.643216896104743e-08	1.302759e+00	1.302759e+00	9.862740e-02	9.862740e-02	1.319137e+00	7.620070e-02
5.665677833604743e-08	1.304404e+00	1.304404e+00	9.644628e-02	9.644628e-02	1.320165e+00	7.453139e-02
5.688138771104743e-08	1.305988e+00	1.305988e+00	9.431967e-02	9.431967e-02	1.321153e+00	7.290452e-02
5.710599708604743e-08	1.307511e+00	1.307511e+00	9.224631e-02	9.224631e-02	1.322102e+00	7.131907e-02
5.733060646104744e-08	1.308977e+00	1.308977e+00	9.022495e-02	9.022495e-02	1.323014e+00	6.977405e-02
5.755521583604744e-08	1.310387e+00	1.310387e+00	8.825435e-02	8.825435e-02	1.323891e+00	6.826849e-02
5.777982521104744e-08	1.311743e+00	1.311743e+00	8.633334e-02	8.633334e-02	1.324734e+00	6.680142e-02
5.800443458604745e-08	1.313048e+00	1.313048e+00	8.446073e-02	8.446073e-02	1.325544e+00	6.537193e-02
5.822904396104745e-08	1.314303e+00	1.314303e+00	8.263537e-02	8.263537e-02	1.326322e+00	6.397909e-02
5.845365333604745e-08	1.315511e+00	1.315511e+00	8.085616e-02	8.085616e-02	1.327070e+00	6.262202e-02
5.867826271104745e-08	1.316671e+00	1.316671e+00	7.912198e-02	7.912198e-02	1.327789e+00	6.129985e-02
5.890287208604746e-08	1.317788e+00	1.317788e+00	7.743177e-02	7.743177e-02	1.328480e+00	6.001171e-02
5.912748146104746e-08	1.318862e+00	1.318862e+00	7.578447e-02	7.578447e-02	1.329143e+00	5.875679e-02
5.935209083604746e-08	1.319894e+00	1.319894e+00	7.417905e-02	7.417905e-02	1.329781e+00	5.753427e-02
5.957670021104747e-08	1.320887e+00	1.320887e+00	7.261452e-02	7.261452e-02	1.330394e+00	5.634334e-02
5.980130958604746e-08	1.321842e+00	1.321842e+00	7.108988e-02	7.108988e-02	1.330983e+00	5.518323e-02
6.002591896104746e-08	1.322760e+00	1.322760e+00	6.960417e-02	6.960417e-02	1.331548e+00	5.405318e-02
6.025052833604747e-08	1.323642e+00	1.323642e+00	6.815645e-02	6.815645e-02	1.332092e+00	5.295243e-02
6.047513771104747e-08	1.324491e+00	1.324491e+00	6.674580e-02	6.674580e-02	1.332614e+00	5.188028e-02
6.069974708604747e-08	1.325307e+00	1.325307e+00	6.537131e-02	6.537131e-02	1.333116e+00	5.083600e-02
6.092435646104748e-08	1.326091e+00	1.326091e+00	6.403211e-02	6.403211e-02	1.333598e+00	4.981889e-02
6.114896583604748e-08	1.326844e+00	1.326844e+00	6.272733e-02	6.272733e-02	1.334061e+00	4.882829e-02
6.137357521104748e-08	1.327569e+00	1.327569e+00	6.145613e-02	6.145613e-02	1.334506e+00	4.786352e-02
6.159818458604748e-08	1.328266e+00	1.328266e+00	6.021770e-02	6.021770e-02	1.334934e+00	4.692394e-02
6.182279396104749e-08	1.328935e+00	1.328935e+00	5.901121e-02	5.901121e-02	1.335344e+00	4.600892e-02
6.204740333604749e-08	1.329579e+00	1.329579e+00	5.783589e-02	5.783589e-02	1.335739e+00	4.511784e-02
6.227201271104749e-08	1.330197e+00	1.330197e+00	5.669097e-02	5.669097e-02	1.336118e+00	4.425009e-02
6.249662208604750e-08	1.330792e+00	1.330792e+00	5.557569e-02	5.557569e-02	1.336482e+00	4.340508e-02
6.272123146104750e-08	1.331363e+00	1.331363e+00	5.448933e-02	5.448933e-02	1.336832e+00	4.258225e-02
6.294584083604750e-08	1.331912e+00	1.331912e+00	5.343115e-02	5.343115e-02	1.337168e+00	4.178102e-02
6.317045021104750e-08	1.332440e+00	1.332440e+00	5.240047e-02	5.240047e-02	1.337491e+00	4.100085e-02
6.339505958604751e-08	1.332947e+00	1.332947e+00	5.139659e-02	5.139659e-02	1.337801e+00	4.024120e-02
6.361966896104751e-08	1.333435e+00	1.333435e+00	5.041885e-02	5.041885e-02	1.338099e+00	3.950156e-02
6.384427833604751e-08	1.333903e+00	1.333903e+00	4.946659e-02	4.946659e-02	1.338385e+00	3.878140e-02
6.406888771104752e-08	1.334353e+00	1.334353e+00	4.853917e-02	4.853917e-02	1.338660e+00	3.808023e-02
6.429349708604752e-08	1.334785e+00	1.334785e+00	4.763597e-02	4.763597e-02	1.338924e+00	3.739756e-02
6.451810646104752e-08	1.335201e+00	1.335201e+00	4.675638e-02	4.675638e-02	1.339177e+00	3.673293e-02
6.474271583604752e-08	1.335600e+00	1.335600e+00	4.589980e-02	4.589980e-02	1.339421e+00	3.608586e-02
6.496732521104753e-08	1.335984e+00	1.335984e+00	4.506566e-02	4.506566e-02	1.339655e+00	3.545591e-02
6.519193458604753e-08	1.336353e+00	1.336353e+00	4.425338e-02	4.425338e-02	1.339880e+00	3.484263e-02
6.541654396104753e-08	1.336707e+00	1.336707e+00	4.346241e-02	4.346241e-02	1.340096e+00	3.424560e-02
6.564115333604753e-08	1.337048e+00	1.337048e+00	4.269221e-02	4.269221e-02	1.340304e+00	3.366439e-02
6.586576271104754e-08	1.337375e+00	1.337375e+00	4.194226e-02	4.194226e-02	1.340503e+00	3.309860e-02
6.609037208604754e-08	1.337689e+00	1.337689e+00	4.121203e-02	4.121203e-02	1.340694e+00	3.254782e-02
6.631498146104754e-08	1.337991e+00	1.337991e+00	4.050102e-02	4.050102e-02	1.340878e+00	3.201167e-02
6.653959083604755e-08	1.338281e+00	1.338281e+00	3.980875e-02	3.980875e-02	1.341055e+00	3.148977e-02
6.676420021104755e-08	1.338560e+00	1.338560e+00	3.913473e-02	3.913473e-02	1.341225e+00	3.098175e-02
6.698880958604755e-08	1.338827e+00	1.338827e+00	3.847850e-02	3.847850e-02	1.341388e+00	3.048724e-02
6.721341896104755e-08	1.339085e+00	1.339085e+00	3.783959e-02	3.783959e-02	1.341544e+00	3.000589e-02
6.743802833604756e-08	1.339332e+00	1.339332e+00	3.721757e-02	3.721757e-02	1.341695e+00	2.953737e-02
6.766263771104756e-08	1.339569e+00	1.339569e+00	3.661200e-02	3.661200e-02	1.341839e+00	2.908133e-02
6.788724708604756e-08	1.339797e+00	1.339797e+00	3.602245e-02	3.602245e-02	1.341978e+00	2.863746e-02
6.811185646104757e-08	1.340016e+00	1.340016e+00	3.544852e-02	3.544852e-02	1.342111e+00	2.820542e-02
6.833646583604757e-08	1.340227e+00	1.340227e+00	3.488980e-02	3.488980e-02	1.342239e+00	2.778492e-02
6.856107521104757e-08	1.340429e+00	1.340429e+00	3.434589e-02	3.434589e-02	1.342362e+00	2.737564e-02
6.878568458604757e-08	1.340623e+00	1.340623e+00	3.381642e-02	3.381642e-02	1.342480e+00	2.697730e-02
6.901029396104758e-08	1.340810e+00	1.340810e+00	3.330100e-02	3.330100e-02	1.342594e+00	2.658961e-02
6.923490333604758e-08	1.340989e+00	1.340989e+00	3.279927e-02	3.279927e-02	1.342703e+00	2.621229e-02
6.945951271104758e-08	1.341162e+00	1.341162e+00	3.231089e-02	3.231089e-02	1.342808e+00	2.584506e-02
6.968412208604759e-08	1.341327e+00	1.341327e+00	3.183549e-02	3.183549e-02	1.342908e+00	2.548766e-02
6.990873146104759e-08	1.341486e+00	1.341486e+00	3.137275e-02	3.137275e-02	1.343005e+00	2.513983e-02
7.013334083604759e-08	1.341639e+00	1.341639e+00	3.092233e-02	3.092233e-02	1.343098e+00	2.480132e-02
7.035795021104759e-08	1.341786e+00	1.341786e+00	3.048391e-02	3.048391e-02	1.343187e+00	2.447188e-02
7.058255958604760e-08	1.341927e+00	1.341927e+00	3.005717e-02	3.005717e-02	1.343273e+00	2.415128e-02
7.080716896104760e-08	1.342062e+00	1.342062e+00	2.964182e-02	2.964182e-02	1.343355e+00	2.383927e-02
7.103177833604760e-08	1.342192e+00	1.342192e+00	2.923755e-02	2.923755e-02	1.343434e+00	2.353564e-02
7.125638771104761e-08	1.342317e+00	1.342317e+00	2.884407e-02	2.884407e-02	1.343510e+00	2.324015e-02
7.148099708604761e-08	1.342437e+00	1.342437e+00	2.846111e-02	2.846111e-02	1.343583e+00	2.295260e-02
7.170560646104761e-08	1.342552e+00	1.342552e+00	2.808838e-02	2.808838e-02	1.343653e+00	2.267277e-02
7.193021583604761e-08	1.342663e+00	1.342663e+00	2.772561e-02	2.772561e-02	1.343720e+00	2.240046e-02
7.215482521104762e-08	1.342770e+00	1.342770e+00	2.737254e-02	2.737254e-02	1.343785e+00	2.213547e-02
7.237943458604762e-08	1.342872e+00	1.342872e+00	2.702893e-02	2.702893e-02	1.343847e+00	2.187760e-02
7.260404396104762e-08	1.342970e+00	1.342970e+00	2.669451e-02	2.669451e-02	1.343907e+00	2.162667e-02
7.282865333604762e-08	1.343064e+00	1.343064e+00	2.636905e-02	2.636905e-02	1.343964e+00	2.138249e-02
7.305326271104763e-08	1.343155e+00	1.343155e+00	2.605231e-02	2.605231e-02	1.344019e+00	2.114488e-02
7.327787208604763e-08	1.343242e+00	1.343242e+00	2.574406e-02	2.574406e-02	1.344072e+00	2.091367e-02
7.350248146104763e-08	1.343326e+00	1.343326e+00	2.544407e-02	2.544407e-02	1.344123e+00	2.068868e-02
7.372709083604764e-08	1.343406e+00	1.343406e+00	2.515213e-02	2.515213e-02	1.344172e+00	2.046975e-02
7.395170021104764e-08	1.343483e+00	1.343483e+00	2.486803e-02	2.486803e-02	1.344219e+00	2.025673e-02
7.417630958604764e-08	1.343558e+00	1.343558e+00	2.459155e-02	2.459155e-02	1.344264e+00	2.004944e-02
7.440091896104764e-08	1.343629e+00	1.343629e+00	2.432249e-02	2.432249e-02	1.344308e+00	1.984774e-02
7.462552833604765e-08	1.343697e+00	1.343697e+00	2.406067e-02	2.406067e-02	1.344349e+00	1.965148e-02
7.485013771104765e-08	1.343763e+00	1.343763e+00	2.380587e-02	2.380587e-02	1.344389e+00	1.946051e-02
7.507474708604765e-08	1.343826e+00	1.343826e+00	2.355793e-02	2.355793e-02	1.344428e+00	1.927469e-02
7.529935646104766e-08	1.343887e+00	1.343887e+00	2.331666e-02	2.331666e-02	1.344465e+00	1.909389e-02
7.552396583604766e-08	1.343945e+00	1.343945e+00	2.308187e-02	2.308187e-02	1.344500e+00	1.891797e-02
7.574857521104766e-08	1.344001e+00	1.344001e+00	2.285340e-02	2.285340e-02	1.344534e+00	1.874679e-02
7.597318458604766e-08	1.344055e+00	1.344055e+00	2.263108e-02	2.263108e-02	1.344567e+00	1.858024e-02
7.619779396104767e-08	1.344107e+00	1.344107e+00	2.241474e-02	2.241474e-02	1.344599e+00	1.841819e-02
7.642240333604767e-08	1.344157e+00	1.344157e+00	2.220423e-02	2.220423e-02	1.344629e+00	1.826051e-02
7.664701271104767e-08	1.344204e+00	1.344204e+00	2.199939e-02	2.199939e-02	1.344658e+00	1.810709e-02
7.687162208604768e-08	1.344250e+00	1.344250e+00	2.180007e-02	2.180007e-02	1.344686e+00	1.795782e-02
7.709623146104768e-08	1.344294e+00	1.344294e+00	2.160612e-02	2.160612e-02	1.344713e+00	1.781258e-02
7.732084083604768e-08	1.344337e+00	1.344337e+00	2.141740e-02	2.141740e-02	1.344738e+00	1.767127e-02
7.754545021104768e-08	1.344377e+00	1.344377e+00	2.123377e-02	2.123377e-02	1.344763e+00	1.753378e-02
7.777005958604769e-08	1.344416e+00	1.344416e+00	2.105509e-02	2.105509e-02	1.344787e+00	1.740001e-02
7.799466896104769e-08	1.344454e+00	1.344454e+00	2.088123e-02	2.088123e-02	1.344810e+00	1.726986e-02
7.821927833604769e-08	1.344490e+00	1.344490e+00	2.071207e-02	2.071207e-02	1.344832e+00	1.714323e-02
7.844388771104770e-08	1.344525e+00	1.344525e+00	2.054746e-02	2.054746e-02	1.344853e+00	1.702002e-02
7.866849708604770e-08	1.344558e+00	1.344558e+00	2.038731e-02	2.038731e-02	1.344873e+00	1.690015e-02
7.889310646104770e-08	1.344590e+00	1.344590e+00	2.023147e-02	2.023147e-02	1.344893e+00	1.678352e-02
7.911771583604770e-08	1.344621e+00	1.344621e+00	2.007985e-02	2.007985e-02	1.344912e+00	1.667005e-02
7.934232521104771e-08	1.344650e+00	1.344650e+00	1.993232e-02	1.993232e-02	1.344930e+00	1.655965e-02
7.956693458604771e-08	1.344679e+00	1.344679e+00	1.978878e-02	1.978878e-02	1.344947e+00	1.645225e-02
7.979154396104771e-08	1.344706e+00	1.344706e+00	1.964911e-02	1.964911e-02	1.344964e+00	1.634775e-02
8.001615333604771e-08	1.344732e+00	1.344732e+00	1.951322e-02	1.951322e-02	1.344980e+00	1.624608e-02
8.024076271104772e-08	1.344757e+00	1.344757e+00	1.938101e-02	1.938101e-02	1.344995e+00	1.614716e-02
8.046537208604772e-08	1.344782e+00	1.344782e+00	1.925237e-02	1.925237e-02	1.345010e+00	1.605093e-02
8.068998146104772e-08	1.344805e+00	1.344805e+00	1.912721e-02	1.912721e-02	1.345024e+00	1.595730e-02
8.091459083604773e-08	1.344827e+00	1.344827e+00	1.900543e-02	1.900543e-02	1.345038e+00	1.586621e-02
8.113920021104773e-08	1.344849e+00	1.344849e+00	1.888695e-02	1.888695e-02	1.345051e+00	1.577759e-02
8.136380958604773e-08	1.344869e+00	1.344869e+00	1.877167e-02	1.877167e-02	1.345064e+00	1.569137e-02
8.158841896104773e-08	1.344889e+00	1.344889e+00	1.865951e-02	1.865951e-02	1.345076e+00	1.560749e-02
8.181302833604774e-08	1.344908e+00	1.344908e+00	1.855039e-02	1.855039e-02	1.345087e+00	1.552588e-02
8.203763771104774e-08	1.344927e+00	1.344927e+00	1.844423e-02	1.844423e-02	1.345099e+00	1.544649e-02
8.226224708604774e-08	1.344944e+00	1.344944e+00	1.834093e-02	1.834093e-02	1.345109e+00	1.536925e-02
8.248685646104775e-08	1.344961e+00	1.344961e+00	1.824044e-02	1.824044e-02	1.345120e+00	1.529410e-02
8.271146583604775e-08	1.344977e+00	1.344977e+00	1.814267e-02	1.814267e-02	1.345130e+00	1.522100e-02
8.293607521104775e-08	1.344993e+00	1.344993e+00	1.804754e-02	1.804754e-02	1.345139e+00	1.514987e-02
8.316068458604775e-08	1.345008e+00	1.345008e+00	1.795499e-02	1.795499e-02	1.345149e+00	1.508068e-02
8.338529396104776e-08	1.345023e+00	1.345023e+00	1.786495e-02	1.786495e-02	1.345157e+00	1.501336e-02
8.360990333604776e-08	1.345037e+00	1.345037e+00	1.777735e-02	1.777735e-02	1.345166e+00	1.494787e-02
8.383451271104776e-08	1.345050e+00	1.345050e+00	1.769213e-02	1.769213e-02	1.345174e+00	1.488416e-02
8.405912208604777e-08	1.345063e+00	1.345063e+00	1.760921e-02	1.760921e-02	1.345182e+00	1.482218e-02
8.428373146104777e-08	1.345075e+00	1.345075e+00	1.752854e-02	1.752854e-02	1.345190e+00	1.476188e-02
8.450834083604777e-08	1.345087e+00	1.345087e+00	1.745006e-02	1.745006e-02	1.345197e+00	1.470322e-02
8.473295021104777e-08	1.345098e+00	1.345098e+00	1.737371e-02	1.737371e-02	1.345204e+00	1.464614e-02
8.495755958604778e-08	1.345109e+00	1.345109e+00	1.729942e-02	1.729942e-02	1.345211e+00	1.459062e-02
8.518216896104778e-08	1.345120e+00	1.345120e+00	1.722715e-02	1.722715e-02	1.345217e+00	1.453661e-02
8.540677833604778e-08	1.345130e+00	1.345130e+00	1.715684e-02	1.715684e-02	1.345223e+00	1.448406e-02
8.563138771104779e-08	1.345140e+00	1.345140e+00	1.708844e-02	1.708844e-02	1.345229e+00	1.443295e-02
8.585599708604779e-08	1.345149e+00	1.345149e+00	1.702190e-02	1.702190e-02	1.345235e+00	1.438321e-02
8.608060646104779e-08	1.345158e+00	1.345158e+00	1.695716e-02	1.695716e-02	1.345241e+00	1.433483e-02
8.630521583604779e-08	1.345167e+00	1.345167e+00	1.689417e-02	1.689417e-02	1.345246e+00	1.428777e-02
8.652982521104780e-08	1.345175e+00	1.345175e+00	1.683290e-02	1.683290e-02	1.345251e+00	1.424198e-02
8.675443458604780e-08	1.345183e+00	1.345183e+00	1.677329e-02	1.677329e-02	1.345256e+00	1.419744e-02
8.697904396104780e-08	1.345191e+00	1.345191e+00	1.671530e-02	1.671530e-02	1.345261e+00	1.415411e-02
8.720365333604780e-08	1.345198e+00	1.345198e+00	1.665888e-02	1.665888e-02	1.345265e+00	1.411195e-02
8.742826271104781e-08	1.345205e+00	1.345205e+00	1.660399e-02	1.660399e-02	1.345270e+00	1.407094e-02
8.967435646104784e-08	1.345254e+00	1.345254e+00	1.617783e-02	1.617783e-02	1.345300e+00	1.375262e-02
9.192045021104786e-08	1.345294e+00	1.345294e+00	1.581378e-02	1.581378e-02	1.345325e+00	1.348070e-02
9.416654396104789e-08	1.345327e+00	1.345327e+00	1.551183e-02	1.551183e-02	1.345345e+00	1.325518e-02
9.641263771104792e-08	1.345351e+00	1.345351e+00	1.527199e-02	1.527199e-02	1.345360e+00	1.307607e-02
9.865873146104795e-08	1.345367e+00	1.345367e+00	1.509425e-02	1.509425e-02	1.345370e+00	1.294335e-02
1.009048252110480e-07	1.345374e+00	1.345374e+00	1.497861e-02	1.497861e-02	1.345375e+00	1.285704e-02
1.031509189610480e-07	1.345374e+00	1.345374e+00	1.492507e-02	1.492507e-02	1.345375e+00	1.281713e-02
1.069692783360480e-07	1.345378e+00	1.345378e+00	1.483935e-02	1.483935e-02	1.345378e+00	1.275315e-02
1.107876377110479e-07	1.345382e+00	1.345382e+00	1.476918e-02	1.476918e-02	1.345380e+00	1.270078e-02
1.146059970860479e-07	1.345385e+00	1.345385e+00	1.471454e-02	1.471454e-02	1.345382e+00	1.266001e-02
1.184243564610478e-07	1.345387e+00	1.345387e+00	1.467545e-02	1.467545e-02	1.345383e+00	1.263084e-02
1.222427158360478e-07	1.345388e+00	1.345388e+00	1.465191e-02	1.465191e-02	1.345384e+00	1.261327e-02
1.260610752110477e-07	1.345388e+00	1.345388e+00	1.464390e-02	1.464390e-02	1.345384e+00	1.260730e-02
1.298794345860477e-07	1.345387e+00	1.345387e+00	1.465145e-02	1.465145e-02	1.345384e+00	1.261293e-02
1.300000000000000e-07	1.345387e+00	1.345387e+00	1.465129e-02	1.465129e-02	1.345384e+00	1.261275e-02
1.300224609375000e-07	1.345379e+00	1.345379e+00	1.464229e-02	1.464229e-02	1.345383e+00	1.261231e-02
1.300673828125000e-07	1.345348e+00	1.345348e+00	1.460499e-02	1.460499e-02	1.345380e+00	1.260901e-02
1.301572265625000e-07	1.345217e+00	1.345217e+00	1.444632e-02	1.444632e-02	1.345361e+00	1.258449e-02
1.303369140625000e-07	1.344790e+00	1.344790e+00	1.392636e-02	1.392636e-02	1.345274e+00	1.246990e-02
1.305000000000000e-07	1.344278e+00	1.344278e+00	1.331636e-02	1.331636e-02	1.345154e+00	1.230582e-02
1.305224609375000e-07	1.344193e+00	1.344193e+00	1.322246e-02	1.322246e-02	1.345131e+00	1.227120e-02
1.305673828125000e-07	1.344052e+00	1.344052e+00	1.304695e-02	1.304695e-02	1.345086e+00	1.220010e-02
1.306572265625000e-07	1.343859e+00	1.343859e+00	1.274400e-02	1.274400e-02	1.345008e+00	1.205491e-02
1.308369140625000e-07	1.343592e+00	1.343592e+00	1.225304e-02	1.225304e-02	1.344898e+00	1.176566e-02
1.310615234375000e-07	1.343331e+00	1.343331e+00	1.176799e-02	1.176799e-02	1.344812e+00	1.141587e-02
1.312861328125000e-07	1.343134e+00	1.343134e+00	1.138179e-02	1.138179e-02	1.344768e+00	1.109125e-02
1.315107421875000e-07	1.342996e+00	1.342996e+00	1.106153e-02	1.106153e-02	1.344752e+00	1.080320e-02
1.317353515625000e-07	1.342898e+00	1.342898e+00	1.078611e-02	1.078611e-02	1.344753e+00	1.055534e-02
1.319599609375000e-07	1.342821e+00	1.342821e+00	1.055978e-02	1.055978e-02	1.344764e+00	1.034806e-02
1.321845703125000e-07	1.342760e+00	1.342760e+00	1.040076e-02	1.040076e-02	1.344782e+00	1.018194e-02
1.324091796874999e-07	1.342710e+00	1.342710e+00	1.029852e-02	1.029852e-02	1.344804e+00	1.005230e-02
1.326337890624999e-07	1.342669e+00	1.342669e+00	1.022284e-02	1.022284e-02	1.344825e+00	9.947520e-03
1.328583984374999e-07	1.342634e+00	1.342634e+00	1.015908e-02	1.015908e-02	1.344843e+00	9.856075e-03
1.330000000000000e-07	1.342615e+00	1.342615e+00	1.012375e-02	1.012375e-02	1.344854e+00	9.802510e-03
1.330005000000000e-07	1.342615e+00	1.342615e+00	1.012364e-02	1.012364e-02	1.345806e+00	1.118277e-02
1.330015000000000e-07	1.342615e+00	1.342615e+00	1.012341e-02	1.012341e-02	1.348848e+00	1.488756e-02
1.330035000000000e-07	1.342615e+00	1.342615e+00	1.012297e-02	1.012297e-02	1.356145e+00	2.125826e-02
1.330050000000000e-07	1.342614e+00	1.342614e+00	1.012264e-02	1.012264e-02	1.360491e+00	2.223991e-02
1.330052339291649e-07	1.342614e+00	1.342614e+00	1.012259e-02	1.012259e-02	1.360755e+00	2.180185e-02
1.330057017874947e-07	1.342614e+00	1.342614e+00	1.012248e-02	1.012248e-02	1.361159e+00	2.097594e-02
1.330066375041542e-07	1.342614e+00	1.342614e+00	1.012228e-02	1.012228e-02	1.361645e+00	1.947417e-02
1.330077134738630e-07	1.342614e+00	1.342614e+00	1.012204e-02	1.012204e-02	1.361883e+00	1.803410e-02
1.330090731535106e-07	1.342614e+00	1.342614e+00	1.012174e-02	1.012174e-02	1.361899e+00	1.667077e-02
1.330107532307235e-07	1.342614e+00	1.342614e+00	1.012137e-02	1.012137e-02	1.361741e+00	1.552262e-02
1.330135072379598e-07	1.342613e+00	1.342613e+00	1.012076e-02	1.012076e-02	1.361360e+00	1.434365e-02
1.330180685926705e-07	1.342613e+00	1.342613e+00	1.011976e-02	1.011976e-02	1.360738e+00	1.319201e-02
1.330271913020920e-07	1.342612e+00	1.342612e+00	1.011778e-02	1.011778e-02	1.359802e+00	1.200015e-02
1.330454367209350e-07	1.342610e+00	1.342610e+00	1.011387e-02	1.011387e-02	1.358861e+00	1.145349e-02
1.330819275586210e-07	1.342606e+00	1.342606e+00	1.010628e-02	1.010628e-02	1.358619e+00	1.374562e-02
1.331549092339929e-07	1.342598e+00	1.342598e+00	1.009182e-02	1.009182e-02	1.354132e+00	3.199543e-02
1.332556037508695e-07	1.342587e+00	1.342587e+00	1.007328e-02	1.007328e-02	1.309474e+00	1.060036e-01
1.333828300519680e-07	1.342576e+00	1.342576e+00	1.005176e-02	1.005176e-02	1.170019e+00	2.777195e-01
1.334660983336734e-07	1.342568e+00	1.342568e+00	1.003883e-02	1.003883e-02	1.024967e+00	4.266925e-01
1.335375735283040e-07	1.342563e+00	1.342563e+00	1.002855e-02	1.002855e-02	8.722181e-01	5.589018e-01
1.336000000000000e-07	1.342558e+00	1.342558e+00	1.002001e-02	1.002001e-02	7.338611e-01	6.569179e-01
1.336081487781347e-07	1.342557e+00	1.342557e+00	1.001895e-02	1.001895e-02	7.227597e-01	6.574903e-01
1.336244463344042e-07	1.342556e+00	1.342556e+00	1.001685e-02	1.001685e-02	7.096071e-01	6.575460e-01
1.336570414469431e-07	1.342554e+00	1.342554e+00	1.001277e-02	1.001277e-02	7.008998e-01	6.568408e-01
1.337222316720209e-07	1.342549e+00	1.342549e+00	1.000493e-02	1.000493e-02	6.976802e-01	6.568152e-01
1.337916323934933e-07	1.342545e+00	1.342545e+00	9.997103e-03	9.997103e-03	6.965477e-01	6.575854e-01
1.339304338364381e-07	1.342537e+00	1.342537e+00	9.983026e-03	9.983026e-03	6.946191e-01	6.590642e-01
1.341550432114381e-07	1.342525e+00	1.342525e+00	9.963216e-03	9.963216e-03	6.918325e-01	6.611951e-01
1.343796525864381e-07	1.342516e+00	1.342516e+00	9.946587e-03	9.946587e-03	6.894202e-01	6.630752e-01
1.346042619614381e-07	1.342508e+00	1.342508e+00	9.932920e-03	9.932920e-03	6.873635e-01	6.647038e-01
1.348288713364381e-07	1.342501e+00	1.342501e+00	9.921676e-03	9.921676e-03	6.856074e-01	6.661151e-01
1.350534807114381e-07	1.342495e+00	1.342495e+00	9.912414e-03	9.912414e-03	6.841061e-01	6.673361e-01
1.352780900864381e-07	1.342491e+00	1.342491e+00	9.904776e-03	9.904776e-03	6.828209e-01	6.683925e-01
1.355026994614381e-07	1.342487e+00	1.342487e+00	9.898468e-03	9.898468e-03	6.817198e-01	6.693052e-01
1.357273088364381e-07	1.342484e+00	1.342484e+00	9.893253e-03	9.893253e-03	6.807755e-01	6.700938e-01
1.359519182114381e-07	1.342481e+00	1.342481e+00	9.888939e-03	9.888939e-03	6.799655e-01	6.707743e-01
1.361765275864380e-07	1.342479e+00	1.342479e+00	9.885365e-03	9.885365e-03	6.792700e-01	6.713616e-01
1.364011369614380e-07	1.342477e+00	1.342477e+00	9.882402e-03	9.882402e-03	6.786728e-01	6.718680e-01
1.366257463364380e-07	1.342475e+00	1.342475e+00	9.879944e-03	9.879944e-03	6.781597e-01	6.723047e-01
1.368503557114380e-07	1.342474e+00	1.342474e+00	9.877904e-03	9.877904e-03	6.777188e-01	6.726809e-01
1.370749650864380e-07	1.342473e+00	1.342473e+00	9.876210e-03	9.876210e-03	6.773397e-01	6.730050e-01
1.372995744614380e-07	1.342472e+00	1.342472e+00	9.874804e-03	9.874804e-03	6.770138e-01	6.732842e-01
1.375241838364380e-07	1.342471e+00	1.342471e+00	9.873634e-03	9.873634e-03	6.767334e-01	6.735245e-01
1.377487932114380e-07	1.342471e+00	1.342471e+00	9.872663e-03	9.872663e-03	6.764924e-01	6.737314e-01
1.379734025864380e-07	1.342470e+00	1.342470e+00	9.871854e-03	9.871854e-03	6.762850e-01	6.739095e-01
1.381980119614379e-07	1.342470e+00	1.342470e+00	9.871183e-03	9.871183e-03	6.761066e-01	6.740627e-01
1.384226213364379e-07	1.342469e+00	1.342469e+00	9.870624e-03	9.870624e-03	6.759530e-01	6.741946e-01
1.386472307114379e-07	1.342469e+00	1.342469e+00	9.870160e-03	9.870160e-03	6.758209e-01	6.743079e-01
1.388718400864379e-07	1.342469e+00	1.342469e+00	9.869773e-03	9.869773e-03	6.757072e-01	6.744055e-01
1.390964494614379e-07	1.342469e+00	1.342469e+00	9.869452e-03	9.869452e-03	6.756094e-01	6.744894e-01
1.393210588364379e-07	1.342468e+00	1.342468e+00	9.869184e-03	9.869184e-03	6.755251e-01	6.745616e-01
1.395456682114379e-07	1.342468e+00	1.342468e+00	9.868962e-03	9.868962e-03	6.754526e-01	6.746236e-01
1.397702775864379e-07	1.342468e+00	1.342468e+00	9.868776e-03	9.868776e-03	6.753901e-01	6.746770e-01
1.399948869614379e-07	1.342468e+00	1.342468e+00	9.868623e-03	9.868623e-03	6.753364e-01	6.747228e-01
1.402194963364379e-07	1.342468e+00	1.342468e+00	9.868495e-03	9.868495e-03	6.752901e-01	6.747622e-01
1.404441057114378e-07	1.342468e+00	1.342468e+00	9.868389e-03	9.868389e-03	6.752503e-01	6.747961e-01
1.406687150864378e-07	1.342468e+00	1.342468e+00	9.868301e-03	9.868301e-03	6.752160e-01	6.748252e-01
1.408933244614378e-07	1.342468e+00	1.342468e+00	9.868227e-03	9.868227e-03	6.751864e-01	6.748502e-01
1.411179338364378e-07	1.342467e+00	1.342467e+00	9.868166e-03	9.868166e-03	6.751610e-01	6.748717e-01
1.413425432114378e-07	1.342467e+00	1.342467e+00	9.868115e-03	9.868115e-03	6.751391e-01	6.748902e-01
1.415671525864378e-07	1.342467e+00	1.342467e+00	9.868073e-03	9.868073e-03	6.751202e-01	6.749061e-01
1.417917619614378e-07	1.342467e+00	1.342467e+00	9.868039e-03	9.868039e-03	6.751039e-01	6.749197e-01
1.420163713364378e-07	1.342467e+00	1.342467e+00	9.868009e-03	9.868009e-03	6.750899e-01	6.749314e-01
1.422409807114378e-07	1.342467e+00	1.342467e+00	9.867985e-03	9.867985e-03	6.750779e-01	6.749415e-01
1.424655900864377e-07	1.342467e+00	1.342467e+00	9.867965e-03	9.867965e-03	6.750674e-01	6.749501e-01
1.426901994614377e-07	1.342467e+00	1.342467e+00	9.867949e-03	9.867949e-03	6.750585e-01	6.749575e-01
1.429148088364377e-07	1.342467e+00	1.342467e+00	9.867935e-03	9.867935e-03	6.750507e-01	6.749639e-01
1.433640275864377e-07	1.342467e+00	1.342467e+00	9.867916e-03	9.867916e-03	6.750383e-01	6.749740e-01
1.438132463364377e-07	1.342467e+00	1.342467e+00	9.867901e-03	9.867901e-03	6.750291e-01	6.749815e-01
1.442624650864377e-07	1.342467e+00	1.342467e+00	9.867893e-03	9.867893e-03	6.750222e-01	6.749870e-01
1.449362932114376e-07	1.342467e+00	1.342467e+00	9.867885e-03	9.867885e-03	6.750150e-01	6.749926e-01
1.453855119614376e-07	1.342467e+00	1.342467e+00	9.867883e-03	9.867883e-03	6.750121e-01	6.749948e-01
1.458347307114376e-07	1.342467e+00	1.342467e+00	9.867882e-03	9.867882e-03	6.750096e-01	6.749967e-01
1.462839494614376e-07	1.342467e+00	1.342467e+00	9.867881e-03	9.867881e-03	6.750075e-01	6.749982e-01
1.467331682114376e-07	1.342467e+00	1.342467e+00	9.867880e-03	9.867880e-03	6.750059e-01	6.749994e-01
1.471823869614375e-07	1.342467e+00	1.342467e+00	9.867881e-03	9.867881e-03	6.750047e-01	6.750002e-01
1.476316057114375e-07	1.342467e+00	1.342467e+00	9.867882e-03	9.867882e-03	6.750039e-01	6.750007e-01
1.480808244614375e-07	1.342467e+00	1.342467e+00	9.867883e-03	9.867883e-03	6.750035e-01	6.750008e-01
1.497493512471517e-07	1.342466e+00	1.342466e+00	9.867888e-03	9.867888e-03	6.750026e-01	6.750010e-01
1.514178780328659e-07	1.342466e+00	1.342466e+00	9.867893e-03	9.867893e-03	6.750019e-01	6.750011e-01
1.530864048185801e-07	1.342466e+00	1.342466e+00	9.867898e-03	9.867898e-03	6.750014e-01	6.750012e-01
1.547549316042943e-07	1.342466e+00	1.342466e+00	9.867904e-03	9.867904e-03	6.750010e-01	6.750012e-01
1.564234583900085e-07	1.342466e+00	1.342466e+00	9.867909e-03	9.867909e-03	6.750007e-01	6.750011e-01
1.580919851757227e-07	1.342466e+00	1.342466e+00	9.867915e-03	9.867915e-03	6.750006e-01	6.750010e-01
1.597605119614369e-07	1.342466e+00	1.342466e+00	9.867921e-03	9.867921e-03	6.750007e-01	6.750007e-01
1.658249650864367e-07	1.342465e+00	1.342465e+00	9.867941e-03	9.867941e-03	6.750005e-01	6.750005e-01
1.718894182114364e-07	1.342464e+00	1.342464e+00	9.867961e-03	9.867961e-03	6.750003e-01	6.750003e-01
1.779538713364361e-07	1.342464e+00	1.342464e+00	9.867981e-03	9.867981e-03	6.750001e-01	6.750001e-01
1.840183244614358e-07	1.342463e+00	1.342463e+00	9.868001e-03	9.868001e-03	6.749999e-01	6.749999e-01
1.900827775864355e-07	1.342463e+00	1.342463e+00	9.868022e-03	9.868022e-03	6.749998e-01	6.749998e-01
1.961472307114353e-07	1.342462e+00	1.342462e+00	9.868042e-03	9.868042e-03	6.749998e-01	6.749998e-01
2.022116838364350e-07	1.342461e+00	1.342461e+00	9.868062e-03	9.868062e-03	6.749997e-01	6.749997e-01
2.024362932114350e-07	1.342461e+00	1.342461e+00	9.868063e-03	9.868063e-03	6.749997e-01	6.749997e-01
2.298386369614337e-07	1.342459e+00	1.342459e+00	9.868154e-03	9.868154e-03	6.749996e-01	6.749996e-01
2.300000000000000e-07	1.342459e+00	1.342459e+00	9.868155e-03	9.868155e-03	6.749996e-01	6.749996e-01
