time	V(bit0)	V(bit1)	V(bit2)	V(bit3)	V(bitline0)	V(bitline1)
0.000000000000000e+00	0.000000e+00	0.000000e+00	0.000000e+00	0.000000e+00	0.000000e+00	0.000000e+00
2.246093783376700e-15	1.143741e+00	5.717945e-01	1.143741e+00	1.143741e+00	4.955990e-01	4.955357e-01
3.218913642575732e-15	1.347276e+00	6.735438e-01	1.347276e+00	1.347276e+00	5.809625e-01	5.828838e-01
5.164553360973798e-15	1.347183e+00	6.734883e-01	1.347183e+00	1.347183e+00	5.838588e-01	5.906592e-01
9.055832797769929e-15	1.347174e+00	6.734821e-01	1.347174e+00	1.347174e+00	6.075029e-01	6.195069e-01
1.683839167136219e-14	1.347176e+00	6.734834e-01	1.347176e+00	1.347176e+00	6.397364e-01	6.588229e-01
2.450982588030389e-14	1.347175e+00	6.734829e-01	1.347175e+00	1.347175e+00	6.528638e-01	6.762043e-01
3.985269429818729e-14	1.347176e+00	6.734834e-01	1.347176e+00	1.347176e+00	6.600122e-01	6.864743e-01
6.102772668663362e-14	1.347175e+00	6.734832e-01	1.347175e+00	1.347175e+00	6.621144e-01	6.896937e-01
9.582120929968234e-14	1.347176e+00	6.734834e-01	1.347176e+00	1.347176e+00	6.620585e-01	6.898227e-01
1.405285641127378e-13	1.347175e+00	6.734833e-01	1.347175e+00	1.347175e+00	6.616734e-01	6.894792e-01
2.299432737388488e-13	1.347175e+00	6.734832e-01	1.347175e+00	1.347175e+00	6.611027e-01	6.889386e-01
4.087726929910706e-13	1.347174e+00	6.734829e-01	1.347174e+00	1.347174e+00	6.599817e-01	6.878607e-01
7.664315314955144e-13	1.347174e+00	6.734826e-01	1.347174e+00	1.347174e+00	6.577542e-01	6.857168e-01
1.481749208504402e-12	1.347173e+00	6.734822e-01	1.347173e+00	1.347173e+00	6.533372e-01	6.814516e-01
2.912384562522177e-12	1.347172e+00	6.734819e-01	1.347172e+00	1.347172e+00	6.446599e-01	6.730294e-01
5.773655270557727e-12	1.347171e+00	6.734816e-01	1.347171e+00	1.347171e+00	6.278775e-01	6.566170e-01
1.149619668662883e-11	1.347170e+00	6.734813e-01	1.347170e+00	1.347170e+00	5.963654e-01	6.255158e-01
2.294127951877103e-11	1.347169e+00	6.734810e-01	1.347169e+00	1.347169e+00	5.404087e-01	5.697786e-01
4.583144518305543e-11	1.347169e+00	6.734807e-01	1.347169e+00	1.347169e+00	4.508141e-01	4.798073e-01
9.161177651162424e-11	1.347168e+00	6.734806e-01	1.347168e+00	1.347168e+00	3.295186e-01	3.568087e-01
1.736200093849324e-10	1.347168e+00	6.734806e-01	1.347168e+00	1.347168e+00	2.118760e-01	2.325775e-01
2.517505214751732e-10	1.347168e+00	6.734806e-01	1.347168e+00	1.347168e+00	1.969380e-01	2.074581e-01
3.406118111866927e-10	1.347168e+00	6.734806e-01	1.347168e+00	1.347168e+00	2.898430e-01	2.917500e-01
4.376659297046414e-10	1.347168e+00	6.734806e-01	1.347168e+00	1.347168e+00	4.472186e-01	4.469202e-01
5.554995430951708e-10	1.347168e+00	6.734806e-01	1.347168e+00	1.347168e+00	6.184946e-01	6.184088e-01
6.000000000000000e-10	1.347181e+00	6.734875e-01	1.347181e+00	1.347181e+00	6.596125e-01	6.597638e-01
6.077641477113377e-10	1.347173e+00	6.734830e-01	1.347173e+00	1.347173e+00	6.557686e-01	6.558810e-01
6.232924431340131e-10	1.347168e+00	6.734806e-01	1.347168e+00	1.347168e+00	6.519657e-01	6.520439e-01
6.543490339793638e-10	1.347168e+00	6.734806e-01	1.347168e+00	1.347168e+00	6.505844e-01	6.506374e-01
7.164622156700653e-10	1.347168e+00	6.734806e-01	1.347168e+00	1.347168e+00	6.514037e-01	6.514491e-01
7.971992959963200e-10	1.347168e+00	6.734806e-01	1.347168e+00	1.347168e+00	6.526123e-01	6.526564e-01
9.586734566488294e-10	1.347168e+00	6.734806e-01	1.347168e+00	1.347168e+00	6.547860e-01	6.548250e-01
1.183282831648830e-09	1.347168e+00	6.734806e-01	1.347168e+00	1.347168e+00	6.575077e-01	6.575416e-01
1.407892206648829e-09	1.347168e+00	6.734806e-01	1.347168e+00	1.347168e+00	6.598874e-01	6.599167e-01
1.632501581648829e-09	1.347168e+00	6.734806e-01	1.347168e+00	1.347168e+00	6.619471e-01	6.619724e-01
1.857110956648829e-09	1.347168e+00	6.734806e-01	1.347168e+00	1.347168e+00	6.637282e-01	6.637501e-01
2.081720331648829e-09	1.347168e+00	6.734806e-01	1.347168e+00	1.347168e+00	6.652691e-01	6.652879e-01
2.306329706648829e-09	1.347168e+00	6.734806e-01	1.347168e+00	1.347168e+00	6.666006e-01	6.666167e-01
2.530939081648829e-09	1.347168e+00	6.734806e-01	1.347168e+00	1.347168e+00	6.677516e-01	6.677654e-01
2.755548456648829e-09	1.347168e+00	6.734806e-01	1.347168e+00	1.347168e+00	6.687455e-01	6.687574e-01
2.980157831648829e-09	1.347168e+00	6.734806e-01	1.347168e+00	1.347168e+00	6.696041e-01	6.696144e-01
3.204767206648829e-09	1.347168e+00	6.734806e-01	1.347168e+00	1.347168e+00	6.703452e-01	6.703540e-01
3.429376581648829e-09	1.347168e+00	6.734806e-01	1.347168e+00	1.347168e+00	6.709851e-01	6.709927e-01
3.653985956648829e-09	1.347168e+00	6.734806e-01	1.347168e+00	1.347168e+00	6.715372e-01	6.715437e-01
3.878595331648829e-09	1.347168e+00	6.734806e-01	1.347168e+00	1.347168e+00	6.720137e-01	6.720193e-01
4.103204706648829e-09	1.347168e+00	6.734806e-01	1.347168e+00	1.347168e+00	6.724247e-01	6.724296e-01
4.327814081648830e-09	1.347168e+00	6.734806e-01	1.347168e+00	1.347168e+00	6.727794e-01	6.727835e-01
4.552423456648830e-09	1.347168e+00	6.734805e-01	1.347168e+00	1.347168e+00	6.730852e-01	6.730887e-01
4.777032831648830e-09	1.347168e+00	6.734805e-01	1.347168e+00	1.347168e+00	6.733490e-01	6.733520e-01
5.001642206648831e-09	1.347168e+00	6.734805e-01	1.347168e+00	1.347168e+00	6.735764e-01	6.735790e-01
5.226251581648831e-09	1.347168e+00	6.734805e-01	1.347168e+00	1.347168e+00	6.737726e-01	6.737748e-01
5.450860956648831e-09	1.347168e+00	6.734805e-01	1.347168e+00	1.347168e+00	6.739417e-01	6.739436e-01
5.675470331648832e-09	1.347168e+00	6.734805e-01	1.347168e+00	1.347168e+00	6.740875e-01	6.740892e-01
5.900079706648832e-09	1.347168e+00	6.734805e-01	1.347168e+00	1.347168e+00	6.742133e-01	6.742147e-01
6.124689081648832e-09	1.347168e+00	6.734805e-01	1.347168e+00	1.347168e+00	6.743217e-01	6.743228e-01
6.349298456648833e-09	1.347168e+00	6.734805e-01	1.347168e+00	1.347168e+00	6.744151e-01	6.744162e-01
6.573907831648833e-09	1.347168e+00	6.734805e-01	1.347168e+00	1.347168e+00	6.744957e-01	6.744966e-01
6.798517206648833e-09	1.347168e+00	6.734805e-01	1.347168e+00	1.347168e+00	6.745651e-01	6.745659e-01
7.023126581648834e-09	1.347168e+00	6.734805e-01	1.347168e+00	1.347168e+00	6.746250e-01	6.746256e-01
7.247735956648834e-09	1.347168e+00	6.734805e-01	1.347168e+00	1.347168e+00	6.746766e-01	6.746771e-01
7.472345331648833e-09	1.347168e+00	6.734805e-01	1.347168e+00	1.347168e+00	6.747211e-01	6.747216e-01
7.696954706648833e-09	1.347167e+00	6.734805e-01	1.347167e+00	1.347167e+00	6.747594e-01	6.747599e-01
7.921564081648832e-09	1.347167e+00	6.734805e-01	1.347167e+00	1.347167e+00	6.747925e-01	6.747928e-01
8.146173456648832e-09	1.347167e+00	6.734805e-01	1.347167e+00	1.347167e+00	6.748210e-01	6.748213e-01
8.370782831648831e-09	1.347167e+00	6.734805e-01	1.347167e+00	1.347167e+00	6.748456e-01	6.748458e-01
8.595392206648831e-09	1.347167e+00	6.734804e-01	1.347167e+00	1.347167e+00	6.748667e-01	6.748669e-01
8.820001581648830e-09	1.347167e+00	6.734804e-01	1.347167e+00	1.347167e+00	6.748850e-01	6.748852e-01
9.044610956648830e-09	1.347167e+00	6.734804e-01	1.347167e+00	1.347167e+00	6.749007e-01	6.749009e-01
9.269220331648829e-09	1.347167e+00	6.734804e-01	1.347167e+00	1.347167e+00	6.749143e-01	6.749145e-01
9.493829706648829e-09	1.347167e+00	6.734804e-01	1.347167e+00	1.347167e+00	6.749260e-01	6.749261e-01
9.718439081648828e-09	1.347167e+00	6.734804e-01	1.347167e+00	1.347167e+00	6.749361e-01	6.749362e-01
9.943048456648828e-09	1.347167e+00	6.734804e-01	1.347167e+00	1.347167e+00	6.749448e-01	6.749449e-01
1.016765783164883e-08	1.347167e+00	6.734804e-01	1.347167e+00	1.347167e+00	6.749523e-01	6.749524e-01
1.039226720664883e-08	1.347167e+00	6.734804e-01	1.347167e+00	1.347167e+00	6.749587e-01	6.749588e-01
1.061687658164883e-08	1.347167e+00	6.734804e-01	1.347167e+00	1.347167e+00	6.749643e-01	6.749644e-01
1.084148595664883e-08	1.347167e+00	6.734803e-01	1.347167e+00	1.347167e+00	6.749691e-01	6.749692e-01
1.129070470664882e-08	1.347167e+00	6.734803e-01	1.347167e+00	1.347167e+00	6.749768e-01	6.749769e-01
1.173992345664882e-08	1.347167e+00	6.734803e-01	1.347167e+00	1.347167e+00	6.749826e-01	6.749826e-01
1.218914220664882e-08	1.347167e+00	6.734803e-01	1.347167e+00	1.347167e+00	6.749869e-01	6.749869e-01
1.286297033164882e-08	1.347167e+00	6.734803e-01	1.347167e+00	1.347167e+00	6.749914e-01	6.749914e-01
1.331218908164882e-08	1.347167e+00	6.734803e-01	1.347167e+00	1.347167e+00	6.749932e-01	6.749932e-01
1.376140783164882e-08	1.347167e+00	6.734803e-01	1.347167e+00	1.347167e+00	6.749947e-01	6.749947e-01
1.421062658164882e-08	1.347167e+00	6.734803e-01	1.347167e+00	1.347167e+00	6.749960e-01	6.749960e-01
1.465984533164882e-08	1.347167e+00	6.734803e-01	1.347167e+00	1.347167e+00	6.749970e-01	6.749970e-01
1.510906408164882e-08	1.347167e+00	6.734803e-01	1.347167e+00	1.347167e+00	6.749978e-01	6.749978e-01
1.555828283164882e-08	1.347167e+00	6.734802e-01	1.347167e+00	1.347167e+00	6.749982e-01	6.749982e-01
1.600750158164882e-08	1.347167e+00	6.734802e-01	1.347167e+00	1.347167e+00	6.749984e-01	6.749984e-01
1.735515783164881e-08	1.347167e+00	6.734802e-01	1.347167e+00	1.347167e+00	6.749989e-01	6.749989e-01
1.870281408164881e-08	1.347166e+00	6.734801e-01	1.347166e+00	1.347166e+00	6.749992e-01	6.749992e-01
2.005047033164881e-08	1.347166e+00	6.734801e-01	1.347166e+00	1.347166e+00	6.749995e-01	6.749995e-01
2.139812658164881e-08	1.347166e+00	6.734801e-01	1.347166e+00	1.347166e+00	6.749997e-01	6.749997e-01
2.274578283164880e-08	1.347166e+00	6.734800e-01	1.347166e+00	1.347166e+00	6.749998e-01	6.749998e-01
2.409343908164880e-08	1.347166e+00	6.734800e-01	1.347166e+00	1.347166e+00	6.749998e-01	6.749998e-01
2.544109533164880e-08	1.347166e+00	6.734800e-01	1.347166e+00	1.347166e+00	6.749997e-01	6.749997e-01
2.560000000000000e-08	1.347166e+00	6.734799e-01	1.347166e+00	1.347166e+00	6.749995e-01	6.749995e-01
2.561266828754074e-08	1.347166e+00	6.734799e-01	1.347166e+00	1.347166e+00	6.698823e-01	6.699110e-01
2.563800486262221e-08	1.347166e+00	6.734799e-01	1.347166e+00	1.347166e+00	6.622396e-01	6.622829e-01
2.568867801278515e-08	1.347166e+00	6.734799e-01	1.347166e+00	1.347166e+00	6.557408e-01	6.557227e-01
2.576004010311279e-08	1.347166e+00	6.734799e-01	1.347166e+00	1.347166e+00	6.541114e-01	6.540476e-01
2.584844190777987e-08	1.347166e+00	6.734799e-01	1.347166e+00	1.347166e+00	6.492622e-01	6.493577e-01
2.593958167578620e-08	1.347166e+00	6.734799e-01	1.347166e+00	1.347166e+00	6.446176e-01	6.448146e-01
2.612186121179885e-08	1.347166e+00	6.734799e-01	1.347166e+00	1.347166e+00	6.444088e-01	6.444774e-01
2.620000000000000e-08	1.347166e+00	6.734799e-01	1.347166e+00	1.347166e+00	6.456673e-01	6.456701e-01
2.622246093750000e-08	1.347166e+00	6.734799e-01	1.347166e+00	1.347166e+00	6.489763e-01	6.488754e-01
2.626738281250000e-08	1.347166e+00	6.734799e-01	1.347166e+00	1.347166e+00	6.540390e-01	6.538119e-01
2.635722656250000e-08	1.347166e+00	6.734799e-01	1.347166e+00	1.347166e+00	6.595725e-01	6.592879e-01
2.653691406250000e-08	1.347166e+00	6.734799e-01	1.347166e+00	1.347166e+00	6.635514e-01	6.633480e-01
2.676152343750000e-08	1.347166e+00	6.734799e-01	1.347166e+00	1.347166e+00	6.645836e-01	6.644845e-01
2.698613281250000e-08	1.347166e+00	6.734799e-01	1.347166e+00	1.347166e+00	6.646095e-01	6.645520e-01
2.990605468749999e-08	1.347165e+00	6.734798e-01	1.347165e+00	1.347165e+00	6.646000e-01	6.645511e-01
3.000000000000000e-08	1.347165e+00	6.734798e-01	1.347165e+00	1.347165e+00	6.645999e-01	6.645511e-01
3.000331879989357e-08	1.347165e+00	6.734798e-01	1.347165e+00	1.347165e+00	6.645999e-01	6.645511e-01
3.000995639968070e-08	1.347165e+00	6.734798e-01	1.347165e+00	1.347165e+00	6.645998e-01	6.645511e-01
3.002323159925495e-08	1.347166e+00	6.734798e-01	1.347166e+00	1.347165e+00	6.645998e-01	6.645511e-01
3.004978199840346e-08	1.347169e+00	6.734798e-01	1.347169e+00	1.347165e+00	6.646000e-01	6.645511e-01
3.010288279670048e-08	1.347180e+00	6.734798e-01	1.347180e+00	1.347165e+00	6.646007e-01	6.645519e-01
3.020908439329452e-08	1.347220e+00	6.734798e-01	1.347220e+00	1.347165e+00	6.646047e-01	6.645558e-01
3.039660527292674e-08	1.347332e+00	6.734798e-01	1.347332e+00	1.347165e+00	6.646183e-01	6.645690e-01
3.050000000000000e-08	1.347412e+00	6.734798e-01	1.347412e+00	1.347165e+00	6.646292e-01	6.645798e-01
3.056738281250000e-08	1.347473e+00	6.734798e-01	1.347473e+00	1.347165e+00	6.646402e-01	6.645907e-01
3.065722656250000e-08	1.347553e+00	6.734798e-01	1.347553e+00	1.347165e+00	6.646572e-01	6.646074e-01
3.083691406250000e-08	1.347407e+00	6.734798e-01	1.347406e+00	1.347165e+00	6.647192e-01	6.646684e-01
3.106152343750000e-08	1.341103e+00	6.734798e-01	1.341099e+00	1.347165e+00	6.653396e-01	6.652761e-01
3.128613281250001e-08	1.311262e+00	6.734798e-01	1.311249e+00	1.347165e+00	6.684083e-01	6.682850e-01
3.151074218750001e-08	1.238748e+00	6.734798e-01	1.238713e+00	1.347165e+00	6.768346e-01	6.765708e-01
3.173535156250001e-08	1.124788e+00	6.734798e-01	1.124721e+00	1.347165e+00	6.918885e-01	6.914259e-01
3.195996093750001e-08	9.909090e-01	6.734798e-01	9.908011e-01	1.347165e+00	7.114515e-01	7.107896e-01
3.200000000000000e-08	9.671224e-01	6.734797e-01	9.670063e-01	1.347165e+00	7.152323e-01	7.145419e-01
3.201091629633582e-08	9.611461e-01	6.734797e-01	9.610275e-01	1.347165e+00	7.182839e-01	7.175155e-01
3.203274888900746e-08	9.495341e-01	6.734797e-01	9.494104e-01	1.347165e+00	7.238569e-01	7.229666e-01
3.207641407435073e-08	9.280236e-01	6.734797e-01	9.278886e-01	1.347165e+00	7.330406e-01	7.320160e-01
3.216374444503729e-08	8.918868e-01	6.734797e-01	8.917251e-01	1.347165e+00	7.473323e-01	7.462271e-01
3.233840518641038e-08	8.375497e-01	6.734797e-01	8.373283e-01	1.347165e+00	7.460903e-01	7.452850e-01
3.250000000000000e-08	8.008171e-01	6.734797e-01	8.005406e-01	1.347165e+00	6.951129e-01	6.951840e-01
3.251826886846553e-08	7.982845e-01	6.734797e-01	7.980037e-01	1.347165e+00	6.872073e-01	6.872588e-01
3.255480660539658e-08	7.935050e-01	6.734797e-01	7.932173e-01	1.347165e+00	6.803011e-01	6.803148e-01
3.262788207925869e-08	7.849826e-01	6.734797e-01	7.846859e-01	1.347165e+00	6.784558e-01	6.784483e-01
3.272863493635490e-08	7.750624e-01	6.734797e-01	7.747615e-01	1.347165e+00	6.784875e-01	6.784827e-01
3.286509842390330e-08	7.644075e-01	6.734797e-01	7.641115e-01	1.347165e+00	6.782034e-01	6.781986e-01
3.308970779890331e-08	7.509159e-01	6.734797e-01	7.506409e-01	1.347165e+00	6.778960e-01	6.778920e-01
3.331431717390331e-08	7.404709e-01	6.734797e-01	7.402228e-01	1.347165e+00	6.775715e-01	6.775679e-01
3.353892654890331e-08	7.321746e-01	6.734797e-01	7.319543e-01	1.347165e+00	6.772833e-01	6.772802e-01
3.376353592390332e-08	7.252292e-01	6.734797e-01	7.250350e-01	1.347165e+00	6.770179e-01	6.770152e-01
3.398814529890332e-08	7.190754e-01	6.734797e-01	7.189052e-01	1.347165e+00	6.767156e-01	6.767157e-01
3.400000000000000e-08	7.187742e-01	6.734797e-01	7.186052e-01	1.347165e+00	6.767350e-01	6.767313e-01
3.400097835557269e-08	7.187504e-01	6.734797e-01	7.185814e-01	1.347165e+00	6.767365e-01	6.767330e-01
3.400293506671807e-08	7.187027e-01	6.734797e-01	7.185339e-01	1.347165e+00	6.767390e-01	6.767356e-01
3.400684848900884e-08	7.186074e-01	6.734798e-01	7.184390e-01	1.347165e+00	6.767418e-01	6.767389e-01
3.401467533359036e-08	7.184178e-01	6.734800e-01	7.182502e-01	1.347165e+00	6.767426e-01	6.767399e-01
3.403032902275341e-08	7.180419e-01	6.734811e-01	7.178758e-01	1.347166e+00	6.767348e-01	6.767324e-01
3.406163640107951e-08	7.173027e-01	6.734852e-01	7.171395e-01	1.347170e+00	6.767089e-01	6.767067e-01
3.412425115773171e-08	7.158734e-01	6.735014e-01	7.157159e-01	1.347185e+00	6.766527e-01	6.766505e-01
3.424948067103612e-08	7.131824e-01	6.735625e-01	7.130356e-01	1.347241e+00	6.765454e-01	6.765434e-01
3.445631221229646e-08	7.090116e-01	6.737131e-01	7.088814e-01	1.347375e+00	6.763788e-01	6.763771e-01
3.450000000000000e-08	7.081782e-01	6.737558e-01	7.080513e-01	1.347410e+00	6.763456e-01	6.763438e-01
3.450385994607586e-08	7.081078e-01	6.737605e-01	7.079812e-01	1.347414e+00	6.735951e-01	6.736267e-01
3.451157983822756e-08	7.079666e-01	6.737701e-01	7.078406e-01	1.347421e+00	6.691317e-01	6.691902e-01
3.452701962253097e-08	7.076803e-01	6.737896e-01	7.075554e-01	1.347436e+00	6.631305e-01	6.631855e-01
3.455789919113778e-08	7.070865e-01	6.738299e-01	7.069639e-01	1.347464e+00	6.577901e-01	6.577887e-01
3.461675290885804e-08	7.058977e-01	6.739098e-01	7.057790e-01	1.347517e+00	6.577763e-01	6.576390e-01
3.468168073369688e-08	7.045287e-01	6.740004e-01	7.044129e-01	1.347574e+00	6.591848e-01	6.590180e-01
3.476932278631521e-08	7.026376e-01	6.741222e-01	7.025242e-01	1.347649e+00	6.597397e-01	6.595927e-01
3.487508204449810e-08	7.003803e-01	6.742728e-01	7.002684e-01	1.347724e+00	6.623874e-01	6.621820e-01
3.500000000000000e-08	6.977882e-01	6.744643e-01	6.976776e-01	1.347779e+00	6.674178e-01	6.671164e-01
3.502115185163658e-08	6.973926e-01	6.745223e-01	6.972832e-01	1.347735e+00	6.713095e-01	6.709040e-01
3.506345555490974e-08	6.966506e-01	6.747253e-01	6.965532e-01	1.347358e+00	6.773621e-01	6.768503e-01
3.514806296145605e-08	6.954063e-01	6.755998e-01	6.954949e-01	1.343215e+00	6.842433e-01	6.839588e-01
3.531727777454868e-08	6.936032e-01	6.784382e-01	6.952448e-01	1.316738e+00	6.896421e-01	6.915780e-01
3.554188714954868e-08	6.921036e-01	6.827185e-01	6.991030e-01	1.243119e+00	6.916735e-01	7.006070e-01
3.576649652454869e-08	6.913010e-01	6.862901e-01	7.082241e-01	1.131673e+00	6.923649e-01	7.133617e-01
3.599110589954869e-08	6.909603e-01	6.886265e-01	7.215465e-01	1.007638e+00	6.928418e-01	7.293792e-01
3.621571527454869e-08	6.909057e-01	6.899775e-01	7.359364e-01	9.044358e-01	6.929320e-01	7.446479e-01
3.644032464954870e-08	6.910071e-01	6.907400e-01	7.482599e-01	8.371885e-01	6.926267e-01	7.559223e-01
3.666493402454870e-08	6.911597e-01	6.911764e-01	7.570305e-01	8.006334e-01	6.921858e-01	7.626263e-01
3.688954339954870e-08	6.913051e-01	6.914361e-01	7.627237e-01	7.820028e-01	6.918183e-01	7.661887e-01
3.700000000000000e-08	6.913661e-01	6.915202e-01	7.646150e-01	7.768368e-01	6.916910e-01	7.671787e-01
3.700050000000000e-08	6.913664e-01	6.915204e-01	7.646210e-01	7.768224e-01	6.917089e-01	7.672580e-01
3.700150000000000e-08	6.913669e-01	6.915209e-01	7.646330e-01	7.767937e-01	6.917842e-01	7.675623e-01
3.700350000000000e-08	6.913677e-01	6.915220e-01	7.646569e-01	7.767367e-01	6.921977e-01	7.691602e-01
3.700500000000000e-08	6.913685e-01	6.915228e-01	7.646748e-01	7.766941e-01	6.928259e-01	7.715805e-01
3.700521156858177e-08	6.913686e-01	6.915229e-01	7.646773e-01	7.766881e-01	6.929072e-01	7.718287e-01
3.700563470574530e-08	6.913688e-01	6.915231e-01	7.646824e-01	7.766761e-01	6.930299e-01	7.721129e-01
3.700648098007237e-08	6.913691e-01	6.915236e-01	7.646924e-01	7.766523e-01	6.931309e-01	7.720103e-01
3.700778611970680e-08	6.913698e-01	6.915243e-01	7.647078e-01	7.766157e-01	6.930679e-01	7.709818e-01
3.700923599147077e-08	6.913704e-01	6.915250e-01	7.647249e-01	7.765753e-01	6.928148e-01	7.693388e-01
3.701126879238476e-08	6.913714e-01	6.915261e-01	7.647488e-01	7.765190e-01	6.922851e-01	7.669302e-01
3.701416424053799e-08	6.913728e-01	6.915277e-01	7.647824e-01	7.764396e-01	6.913192e-01	7.639348e-01
3.701995513684445e-08	6.913752e-01	6.915304e-01	7.648482e-01	7.762834e-01	6.883876e-01	7.590105e-01
3.703153692945737e-08	6.913773e-01	6.915331e-01	7.649727e-01	7.759778e-01	6.787406e-01	7.518700e-01
3.705000000000000e-08	6.913748e-01	6.915318e-01	7.651601e-01	7.755001e-01	6.582133e-01	7.451867e-01
3.705197305549129e-08	6.913728e-01	6.915301e-01	7.651780e-01	7.754503e-01	6.558709e-01	7.456406e-01
3.705591916647389e-08	6.913679e-01	6.915256e-01	7.652128e-01	7.753514e-01	6.513263e-01	7.466484e-01
3.706381138843907e-08	6.913537e-01	6.915125e-01	7.652797e-01	7.751554e-01	6.425993e-01	7.485687e-01
3.707152419018307e-08	6.913328e-01	6.914928e-01	7.653412e-01	7.749667e-01	6.344805e-01	7.500293e-01
3.708373546637334e-08	6.912774e-01	6.914403e-01	7.654295e-01	7.746759e-01	6.225764e-01	7.515376e-01
3.710815801875389e-08	6.910821e-01	6.912536e-01	7.655814e-01	7.741200e-01	6.014631e-01	7.532805e-01
3.714735872163031e-08	6.904757e-01	6.906692e-01	7.657712e-01	7.733049e-01	5.737816e-01	7.559320e-01
3.722576012738314e-08	6.880558e-01	6.883157e-01	7.660884e-01	7.720171e-01	5.316936e-01	7.664550e-01
3.738256293888882e-08	6.794055e-01	6.798243e-01	7.671286e-01	7.708153e-01	4.666195e-01	7.958828e-01
3.760717231388882e-08	6.606273e-01	6.612426e-01	7.702662e-01	7.720059e-01	3.942718e-01	8.320159e-01
3.783178168888882e-08	6.360598e-01	6.367764e-01	7.756557e-01	7.763705e-01	3.426245e-01	8.553576e-01
3.805639106388883e-08	6.076447e-01	6.083537e-01	7.829828e-01	7.832134e-01	3.075116e-01	8.704267e-01
3.828100043888883e-08	5.776016e-01	5.782290e-01	7.914365e-01	7.914482e-01	2.818218e-01	8.816586e-01
3.850560981388883e-08	5.473925e-01	5.479081e-01	8.004045e-01	8.003271e-01	2.609581e-01	8.909701e-01
3.873021918888883e-08	5.178197e-01	5.182233e-01	8.095400e-01	8.094344e-01	2.427583e-01	8.994663e-01
3.895482856388884e-08	4.892671e-01	4.895737e-01	8.186710e-01	8.185643e-01	2.263763e-01	9.075389e-01
3.917943793888884e-08	4.619009e-01	4.621295e-01	8.277211e-01	8.276238e-01	2.113872e-01	9.154283e-01
3.940404731388884e-08	4.357827e-01	4.359512e-01	8.366610e-01	8.365763e-01	1.975545e-01	9.232159e-01
3.962865668888885e-08	4.109230e-01	4.110463e-01	8.454834e-01	8.454113e-01	1.847299e-01	9.309337e-01
3.985326606388885e-08	3.873067e-01	3.873965e-01	8.541894e-01	8.541287e-01	1.728157e-01	9.385709e-01
4.007787543888885e-08	3.649050e-01	3.649701e-01	8.627824e-01	8.627314e-01	1.617309e-01	9.461181e-01
4.030248481388885e-08	3.436819e-01	3.437288e-01	8.712649e-01	8.712221e-01	1.514092e-01	9.535632e-01
4.052709418888886e-08	3.235965e-01	3.236303e-01	8.796384e-01	8.796027e-01	1.417903e-01	9.609002e-01
4.075170356388886e-08	3.046058e-01	3.046299e-01	8.879037e-01	8.878738e-01	1.328213e-01	9.681244e-01
4.097631293888886e-08	2.866647e-01	2.866817e-01	8.960607e-01	8.960356e-01	1.244535e-01	9.752340e-01
4.120092231388886e-08	2.697277e-01	2.697396e-01	9.041089e-01	9.040879e-01	1.166435e-01	9.822279e-01
4.142553168888887e-08	2.537491e-01	2.537573e-01	9.120479e-01	9.120303e-01	1.093509e-01	9.891062e-01
4.165014106388887e-08	2.386836e-01	2.386892e-01	9.198771e-01	9.198624e-01	1.025395e-01	9.958693e-01
4.187475043888887e-08	2.244867e-01	2.244903e-01	9.275961e-01	9.275838e-01	9.617534e-02	1.002518e+00
4.209935981388888e-08	2.111146e-01	2.111169e-01	9.352045e-01	9.351943e-01	9.022778e-02	1.009054e+00
4.232396918888888e-08	1.985251e-01	1.985264e-01	9.427022e-01	9.426936e-01	8.466819e-02	1.015477e+00
4.254857856388888e-08	1.866771e-01	1.866777e-01	9.500890e-01	9.500818e-01	7.947033e-02	1.021789e+00
4.277318793888888e-08	1.755309e-01	1.755311e-01	9.573649e-01	9.573588e-01	7.460974e-02	1.027992e+00
4.299779731388889e-08	1.650485e-01	1.650485e-01	9.645301e-01	9.645250e-01	7.006390e-02	1.034085e+00
4.322240668888889e-08	1.551935e-01	1.551932e-01	9.715849e-01	9.715807e-01	6.581178e-02	1.040072e+00
4.344701606388889e-08	1.459308e-01	1.459304e-01	9.785296e-01	9.785261e-01	6.183393e-02	1.045952e+00
4.367162543888890e-08	1.372272e-01	1.372267e-01	9.853647e-01	9.853618e-01	5.811220e-02	1.051728e+00
4.389623481388890e-08	1.290507e-01	1.290503e-01	9.920908e-01	9.920883e-01	5.462974e-02	1.057401e+00
4.412084418888890e-08	1.213712e-01	1.213707e-01	9.987084e-01	9.987064e-01	5.137083e-02	1.062972e+00
4.434545356388890e-08	1.141599e-01	1.141595e-01	1.005218e+00	1.005217e+00	4.832084e-02	1.068442e+00
4.457006293888891e-08	1.073895e-01	1.073891e-01	1.011621e+00	1.011620e+00	4.546611e-02	1.073813e+00
4.479467231388891e-08	1.010341e-01	1.010337e-01	1.017918e+00	1.017917e+00	4.279394e-02	1.079086e+00
4.501928168888891e-08	9.506917e-02	9.506884e-02	1.024110e+00	1.024109e+00	4.029242e-02	1.084263e+00
4.524389106388892e-08	8.947158e-02	8.947129e-02	1.030198e+00	1.030197e+00	3.795049e-02	1.089345e+00
4.546850043888892e-08	8.421937e-02	8.421911e-02	1.036182e+00	1.036181e+00	3.575780e-02	1.094334e+00
4.569310981388892e-08	7.929180e-02	7.929157e-02	1.042064e+00	1.042063e+00	3.370468e-02	1.099230e+00
4.591771918888892e-08	7.466932e-02	7.466913e-02	1.047845e+00	1.047845e+00	3.178212e-02	1.104036e+00
4.614232856388893e-08	7.033348e-02	7.033332e-02	1.053526e+00	1.053526e+00	2.998168e-02	1.108752e+00
4.636693793888893e-08	6.626686e-02	6.626672e-02	1.059108e+00	1.059108e+00	2.829548e-02	1.113381e+00
4.659154731388893e-08	6.245307e-02	6.245295e-02	1.064592e+00	1.064592e+00	2.671618e-02	1.117922e+00
4.681615668888894e-08	5.887664e-02	5.887654e-02	1.069980e+00	1.069980e+00	2.523688e-02	1.122379e+00
4.704076606388894e-08	5.552303e-02	5.552294e-02	1.075272e+00	1.075272e+00	2.385116e-02	1.126751e+00
4.726537543888894e-08	5.237854e-02	5.237846e-02	1.080470e+00	1.080470e+00	2.255302e-02	1.131041e+00
4.748998481388894e-08	4.943027e-02	4.943021e-02	1.085576e+00	1.085576e+00	2.133682e-02	1.135250e+00
4.771459418888895e-08	4.666613e-02	4.666607e-02	1.090589e+00	1.090589e+00	2.019733e-02	1.139379e+00
4.793920356388895e-08	4.407470e-02	4.407466e-02	1.095512e+00	1.095512e+00	1.912962e-02	1.143430e+00
4.816381293888895e-08	4.164529e-02	4.164525e-02	1.100346e+00	1.100346e+00	1.812911e-02	1.147403e+00
4.838842231388895e-08	3.936782e-02	3.936779e-02	1.105092e+00	1.105092e+00	1.719149e-02	1.151300e+00
4.861303168888896e-08	3.723285e-02	3.723282e-02	1.109752e+00	1.109751e+00	1.631276e-02	1.155123e+00
4.883764106388896e-08	3.523149e-02	3.523147e-02	1.114325e+00	1.114325e+00	1.548914e-02	1.158872e+00
4.906225043888896e-08	3.335541e-02	3.335540e-02	1.118815e+00	1.118815e+00	1.471713e-02	1.162549e+00
4.928685981388897e-08	3.159679e-02	3.159678e-02	1.123222e+00	1.123222e+00	1.399345e-02	1.166155e+00
4.951146918888897e-08	2.994828e-02	2.994826e-02	1.127547e+00	1.127547e+00	1.331500e-02	1.169692e+00
4.973607856388897e-08	2.840298e-02	2.840297e-02	1.131792e+00	1.131792e+00	1.267891e-02	1.173160e+00
4.996068793888897e-08	2.695443e-02	2.695442e-02	1.135957e+00	1.135957e+00	1.208250e-02	1.176561e+00
5.018529731388898e-08	2.559656e-02	2.559655e-02	1.140045e+00	1.140045e+00	1.152324e-02	1.179895e+00
5.040990668888898e-08	2.432368e-02	2.432368e-02	1.144056e+00	1.144056e+00	1.099877e-02	1.183165e+00
5.063451606388898e-08	2.313046e-02	2.313045e-02	1.147992e+00	1.147992e+00	1.050689e-02	1.186371e+00
5.085912543888899e-08	2.201188e-02	2.201188e-02	1.151853e+00	1.151853e+00	1.004553e-02	1.189515e+00
5.108373481388899e-08	2.096327e-02	2.096326e-02	1.155641e+00	1.155641e+00	9.612759e-03	1.192597e+00
5.130834418888899e-08	1.998020e-02	1.998020e-02	1.159358e+00	1.159358e+00	9.206773e-03	1.195618e+00
5.153295356388899e-08	1.905857e-02	1.905857e-02	1.163004e+00	1.163004e+00	8.825880e-03	1.198581e+00
5.175756293888900e-08	1.819451e-02	1.819451e-02	1.166580e+00	1.166580e+00	8.468493e-03	1.201485e+00
5.198217231388900e-08	1.738439e-02	1.738439e-02	1.170088e+00	1.170088e+00	8.133132e-03	1.204331e+00
5.220678168888900e-08	1.662482e-02	1.662482e-02	1.173529e+00	1.173529e+00	7.818407e-03	1.207122e+00
5.243139106388901e-08	1.591261e-02	1.591261e-02	1.176904e+00	1.176904e+00	7.523022e-03	1.209857e+00
5.265600043888901e-08	1.524478e-02	1.524478e-02	1.180214e+00	1.180214e+00	7.245758e-03	1.212539e+00
5.288060981388901e-08	1.461854e-02	1.461854e-02	1.183460e+00	1.183460e+00	6.985480e-03	1.215167e+00
5.310521918888901e-08	1.403127e-02	1.403127e-02	1.186644e+00	1.186644e+00	6.741119e-03	1.217743e+00
5.332982856388902e-08	1.348052e-02	1.348051e-02	1.189766e+00	1.189766e+00	6.511681e-03	1.220268e+00
5.355443793888902e-08	1.296398e-02	1.296398e-02	1.192827e+00	1.192827e+00	6.296228e-03	1.222743e+00
5.377904731388902e-08	1.247950e-02	1.247950e-02	1.195829e+00	1.195829e+00	6.093889e-03	1.225168e+00
5.400365668888903e-08	1.202508e-02	1.202508e-02	1.198773e+00	1.198773e+00	5.903843e-03	1.227545e+00
5.422826606388903e-08	1.159881e-02	1.159881e-02	1.201659e+00	1.201659e+00	5.725325e-03	1.229874e+00
5.445287543888903e-08	1.119892e-02	1.119892e-02	1.204489e+00	1.204489e+00	5.557614e-03	1.232157e+00
5.467748481388903e-08	1.082376e-02	1.082376e-02	1.207264e+00	1.207264e+00	5.400041e-03	1.234394e+00
5.490209418888904e-08	1.047178e-02	1.047178e-02	1.209984e+00	1.209984e+00	5.251973e-03	1.236586e+00
5.512670356388904e-08	1.014152e-02	1.014152e-02	1.212651e+00	1.212651e+00	5.112823e-03	1.238734e+00
5.535131293888904e-08	9.831610e-03	9.831610e-03	1.215265e+00	1.215265e+00	4.982036e-03	1.240839e+00
5.557592231388904e-08	9.540781e-03	9.540781e-03	1.217828e+00	1.217828e+00	4.859096e-03	1.242902e+00
5.580053168888905e-08	9.267835e-03	9.267835e-03	1.220340e+00	1.220340e+00	4.743518e-03	1.244923e+00
5.602514106388905e-08	9.011650e-03	9.011650e-03	1.222803e+00	1.222803e+00	4.634848e-03	1.246902e+00
5.624975043888905e-08	8.771180e-03	8.771180e-03	1.225217e+00	1.225217e+00	4.532659e-03	1.248842e+00
5.647435981388906e-08	8.545440e-03	8.545440e-03	1.227583e+00	1.227583e+00	4.436555e-03	1.250743e+00
5.669896918888906e-08	8.333508e-03	8.333508e-03	1.229902e+00	1.229902e+00	4.346161e-03	1.252605e+00
5.692357856388906e-08	8.134523e-03	8.134523e-03	1.232175e+00	1.232175e+00	4.261128e-03	1.254430e+00
5.714818793888906e-08	7.947677e-03	7.947677e-03	1.234403e+00	1.234403e+00	4.181126e-03	1.256217e+00
5.737279731388907e-08	7.772212e-03	7.772212e-03	1.236586e+00	1.236586e+00	4.105849e-03	1.257968e+00
5.759740668888907e-08	7.607421e-03	7.607421e-03	1.238726e+00	1.238726e+00	4.035009e-03	1.259683e+00
5.782201606388907e-08	7.452638e-03	7.452638e-03	1.240823e+00	1.240823e+00	3.968336e-03	1.261363e+00
5.804662543888908e-08	7.307241e-03	7.307241e-03	1.242878e+00	1.242878e+00	3.905577e-03	1.263009e+00
5.827123481388908e-08	7.170648e-03	7.170648e-03	1.244892e+00	1.244892e+00	3.846494e-03	1.264621e+00
5.849584418888908e-08	7.042313e-03	7.042313e-03	1.246865e+00	1.246865e+00	3.790865e-03	1.266200e+00
5.872045356388908e-08	6.921723e-03	6.921723e-03	1.248799e+00	1.248799e+00	3.738482e-03	1.267747e+00
5.894506293888909e-08	6.808399e-03	6.808399e-03	1.250694e+00	1.250694e+00	3.689148e-03	1.269262e+00
5.916967231388909e-08	6.701892e-03	6.701892e-03	1.252550e+00	1.252550e+00	3.642681e-03	1.270745e+00
5.939428168888909e-08	6.601783e-03	6.601783e-03	1.254369e+00	1.254369e+00	3.598908e-03	1.272199e+00
5.961889106388909e-08	6.507674e-03	6.507674e-03	1.256152e+00	1.256152e+00	3.557668e-03	1.273622e+00
5.984350043888909e-08	6.419199e-03	6.419199e-03	1.257898e+00	1.257898e+00	3.518810e-03	1.275016e+00
6.006810981388909e-08	6.336009e-03	6.336009e-03	1.259609e+00	1.259609e+00	3.482191e-03	1.276381e+00
6.029271918888910e-08	6.257781e-03	6.257781e-03	1.261285e+00	1.261285e+00	3.447679e-03	1.277718e+00
6.051732856388910e-08	6.184211e-03	6.184211e-03	1.262926e+00	1.262926e+00	3.415148e-03	1.279027e+00
6.074193793888910e-08	6.115013e-03	6.115013e-03	1.264535e+00	1.264535e+00	3.384480e-03	1.280309e+00
6.096654731388911e-08	6.049919e-03	6.049919e-03	1.266111e+00	1.266111e+00	3.355567e-03	1.281565e+00
6.119115668888911e-08	5.988681e-03	5.988681e-03	1.267654e+00	1.267654e+00	3.328304e-03	1.282794e+00
6.141576606388911e-08	5.931062e-03	5.931062e-03	1.269166e+00	1.269166e+00	3.302594e-03	1.283998e+00
6.164037543888911e-08	5.876843e-03	5.876843e-03	1.270648e+00	1.270648e+00	3.278347e-03	1.285177e+00
6.186498481388912e-08	5.825817e-03	5.825817e-03	1.272098e+00	1.272098e+00	3.255476e-03	1.286331e+00
6.208959418888912e-08	5.777791e-03	5.777791e-03	1.273520e+00	1.273520e+00	3.233901e-03	1.287461e+00
6.231420356388912e-08	5.732583e-03	5.732583e-03	1.274911e+00	1.274911e+00	3.213547e-03	1.288567e+00
6.253881293888913e-08	5.690022e-03	5.690022e-03	1.276275e+00	1.276275e+00	3.194343e-03	1.289650e+00
6.276342231388913e-08	5.649950e-03	5.649950e-03	1.277610e+00	1.277610e+00	3.176222e-03	1.290711e+00
6.298803168888913e-08	5.612217e-03	5.612217e-03	1.278917e+00	1.278917e+00	3.159121e-03	1.291749e+00
6.321264106388913e-08	5.576682e-03	5.576682e-03	1.280198e+00	1.280198e+00	3.142982e-03	1.292766e+00
6.343725043888914e-08	5.543214e-03	5.543214e-03	1.281452e+00	1.281452e+00	3.127749e-03	1.293761e+00
6.366185981388914e-08	5.511688e-03	5.511688e-03	1.282681e+00	1.282681e+00	3.113370e-03	1.294736e+00
6.388646918888914e-08	5.481989e-03	5.481989e-03	1.283883e+00	1.283883e+00	3.099797e-03	1.295689e+00
6.411107856388915e-08	5.454008e-03	5.454008e-03	1.285061e+00	1.285061e+00	3.086983e-03	1.296623e+00
6.433568793888915e-08	5.427643e-03	5.427643e-03	1.286215e+00	1.286215e+00	3.074885e-03	1.297537e+00
6.456029731388915e-08	5.402798e-03	5.402798e-03	1.287344e+00	1.287344e+00	3.063463e-03	1.298432e+00
6.478490668888915e-08	5.379383e-03	5.379383e-03	1.288450e+00	1.288450e+00	3.052678e-03	1.299308e+00
6.500951606388916e-08	5.357313e-03	5.357313e-03	1.289533e+00	1.289533e+00	3.042493e-03	1.300165e+00
6.523412543888916e-08	5.336510e-03	5.336510e-03	1.290594e+00	1.290594e+00	3.032877e-03	1.301004e+00
6.545873481388916e-08	5.316898e-03	5.316898e-03	1.291632e+00	1.291632e+00	3.023795e-03	1.301825e+00
6.568334418888916e-08	5.298408e-03	5.298408e-03	1.292648e+00	1.292648e+00	3.015218e-03	1.302629e+00
6.590795356388917e-08	5.280974e-03	5.280974e-03	1.293643e+00	1.293643e+00	3.007119e-03	1.303416e+00
6.613256293888917e-08	5.264535e-03	5.264535e-03	1.294618e+00	1.294618e+00	2.999469e-03	1.304186e+00
6.635717231388917e-08	5.249031e-03	5.249031e-03	1.295572e+00	1.295572e+00	2.992245e-03	1.304940e+00
6.658178168888918e-08	5.234410e-03	5.234410e-03	1.296506e+00	1.296506e+00	2.985422e-03	1.305678e+00
6.680639106388918e-08	5.220620e-03	5.220620e-03	1.297420e+00	1.297420e+00	2.978979e-03	1.306400e+00
6.703100043888918e-08	5.207612e-03	5.207612e-03	1.298316e+00	1.298316e+00	2.972894e-03	1.307106e+00
6.725560981388918e-08	5.195342e-03	5.195342e-03	1.299192e+00	1.299192e+00	2.967147e-03	1.307798e+00
6.748021918888919e-08	5.183766e-03	5.183766e-03	1.300050e+00	1.300050e+00	2.961720e-03	1.308475e+00
6.770482856388919e-08	5.172845e-03	5.172845e-03	1.300889e+00	1.300889e+00	2.956596e-03	1.309137e+00
6.792943793888919e-08	5.162541e-03	5.162541e-03	1.301711e+00	1.301711e+00	2.951756e-03	1.309785e+00
6.815404731388920e-08	5.152820e-03	5.152820e-03	1.302516e+00	1.302516e+00	2.947187e-03	1.310419e+00
6.837865668888920e-08	5.143647e-03	5.143647e-03	1.303304e+00	1.303304e+00	2.942873e-03	1.311040e+00
6.860326606388920e-08	5.134992e-03	5.134992e-03	1.304075e+00	1.304075e+00	2.938800e-03	1.311647e+00
6.882787543888920e-08	5.126825e-03	5.126825e-03	1.304829e+00	1.304829e+00	2.934955e-03	1.312242e+00
6.905248481388921e-08	5.119118e-03	5.119118e-03	1.305568e+00	1.305568e+00	2.931326e-03	1.312823e+00
6.927709418888921e-08	5.111845e-03	5.111845e-03	1.306291e+00	1.306291e+00	2.927901e-03	1.313392e+00
6.950170356388921e-08	5.104982e-03	5.104982e-03	1.306998e+00	1.306998e+00	2.924669e-03	1.313949e+00
6.972631293888922e-08	5.098506e-03	5.098506e-03	1.307691e+00	1.307691e+00	2.921619e-03	1.314494e+00
6.995092231388922e-08	5.092395e-03	5.092395e-03	1.308369e+00	1.308369e+00	2.918742e-03	1.315027e+00
7.017553168888922e-08	5.086627e-03	5.086627e-03	1.309032e+00	1.309032e+00	2.916028e-03	1.315549e+00
7.040014106388922e-08	5.081186e-03	5.081186e-03	1.309681e+00	1.309681e+00	2.913468e-03	1.316059e+00
7.062475043888923e-08	5.076050e-03	5.076050e-03	1.310317e+00	1.310317e+00	2.911055e-03	1.316558e+00
7.084935981388923e-08	5.071205e-03	5.071205e-03	1.310938e+00	1.310938e+00	2.908780e-03	1.317047e+00
7.107396918888923e-08	5.066633e-03	5.066633e-03	1.311547e+00	1.311547e+00	2.906635e-03	1.317525e+00
7.129857856388924e-08	5.062320e-03	5.062320e-03	1.312142e+00	1.312142e+00	2.904614e-03	1.317993e+00
7.152318793888924e-08	5.058250e-03	5.058250e-03	1.312725e+00	1.312725e+00	2.902711e-03	1.318450e+00
7.174779731388924e-08	5.054412e-03	5.054412e-03	1.313295e+00	1.313295e+00	2.900918e-03	1.318898e+00
7.197240668888924e-08	5.050791e-03	5.050791e-03	1.313854e+00	1.313854e+00	2.899231e-03	1.319336e+00
7.219701606388925e-08	5.047376e-03	5.047376e-03	1.314399e+00	1.314399e+00	2.897643e-03	1.319764e+00
7.242162543888925e-08	5.044155e-03	5.044155e-03	1.314934e+00	1.314934e+00	2.896148e-03	1.320184e+00
7.264623481388925e-08	5.041118e-03	5.041118e-03	1.315457e+00	1.315457e+00	2.894742e-03	1.320594e+00
7.287084418888925e-08	5.038255e-03	5.038255e-03	1.315968e+00	1.315968e+00	2.893421e-03	1.320995e+00
7.309545356388926e-08	5.035555e-03	5.035555e-03	1.316469e+00	1.316469e+00	2.892179e-03	1.321387e+00
7.332006293888926e-08	5.033011e-03	5.033011e-03	1.316959e+00	1.316959e+00	2.891013e-03	1.321771e+00
7.354467231388926e-08	5.030613e-03	5.030613e-03	1.317438e+00	1.317438e+00	2.889918e-03	1.322147e+00
7.376928168888927e-08	5.028354e-03	5.028354e-03	1.317907e+00	1.317907e+00	2.888890e-03	1.322514e+00
7.399389106388927e-08	5.026226e-03	5.026226e-03	1.318366e+00	1.318366e+00	2.887927e-03	1.322873e+00
7.421850043888927e-08	5.024222e-03	5.024222e-03	1.318815e+00	1.318815e+00	2.887024e-03	1.323225e+00
7.444310981388927e-08	5.022335e-03	5.022335e-03	1.319254e+00	1.319254e+00	2.886178e-03	1.323569e+00
7.466771918888928e-08	5.020559e-03	5.020559e-03	1.319684e+00	1.319684e+00	2.885386e-03	1.323905e+00
7.489232856388928e-08	5.018887e-03	5.018887e-03	1.320104e+00	1.320104e+00	2.884645e-03	1.324234e+00
7.511693793888928e-08	5.017314e-03	5.017314e-03	1.320515e+00	1.320515e+00	2.883953e-03	1.324556e+00
7.534154731388929e-08	5.015835e-03	5.015835e-03	1.320918e+00	1.320918e+00	2.883306e-03	1.324871e+00
7.556615668888929e-08	5.014445e-03	5.014445e-03	1.321311e+00	1.321311e+00	2.882703e-03	1.325179e+00
7.579076606388929e-08	5.013138e-03	5.013138e-03	1.321697e+00	1.321697e+00	2.882141e-03	1.325481e+00
7.601537543888929e-08	5.011910e-03	5.011910e-03	1.322073e+00	1.322073e+00	2.881617e-03	1.325775e+00
7.623998481388930e-08	5.010757e-03	5.010757e-03	1.322442e+00	1.322442e+00	2.881130e-03	1.326063e+00
7.646459418888930e-08	5.009675e-03	5.009675e-03	1.322803e+00	1.322803e+00	2.880678e-03	1.326345e+00
7.668920356388930e-08	5.008660e-03	5.008660e-03	1.323156e+00	1.323156e+00	2.880258e-03	1.326621e+00
7.691381293888931e-08	5.007708e-03	5.007708e-03	1.323501e+00	1.323501e+00	2.879870e-03	1.326891e+00
7.713842231388931e-08	5.006816e-03	5.006816e-03	1.323838e+00	1.323838e+00	2.879510e-03	1.327155e+00
7.736303168888931e-08	5.005981e-03	5.005981e-03	1.324168e+00	1.324168e+00	2.879178e-03	1.327413e+00
7.758764106388931e-08	5.005199e-03	5.005199e-03	1.324492e+00	1.324492e+00	2.878873e-03	1.327665e+00
7.781225043888932e-08	5.004467e-03	5.004467e-03	1.324808e+00	1.324808e+00	2.878591e-03	1.327912e+00
7.803685981388932e-08	5.003784e-03	5.003784e-03	1.325117e+00	1.325117e+00	2.878333e-03	1.328153e+00
7.826146918888932e-08	5.003145e-03	5.003145e-03	1.325419e+00	1.325419e+00	2.878097e-03	1.328390e+00
7.848607856388933e-08	5.002550e-03	5.002550e-03	1.325715e+00	1.325715e+00	2.877882e-03	1.328620e+00
7.871068793888933e-08	5.001994e-03	5.001994e-03	1.326004e+00	1.326004e+00	2.877686e-03	1.328846e+00
7.893529731388933e-08	5.001477e-03	5.001477e-03	1.326287e+00	1.326287e+00	2.877509e-03	1.329067e+00
7.915990668888933e-08	5.000995e-03	5.000995e-03	1.326564e+00	1.326564e+00	2.877348e-03	1.329283e+00
7.938451606388934e-08	5.000548e-03	5.000548e-03	1.326835e+00	1.326835e+00	2.877204e-03	1.329495e+00
7.960912543888934e-08	5.000134e-03	5.000134e-03	1.327100e+00	1.327100e+00	2.877076e-03	1.329701e+00
7.983373481388934e-08	4.999749e-03	4.999749e-03	1.327359e+00	1.327359e+00	2.876962e-03	1.329903e+00
8.005834418888934e-08	4.999393e-03	4.999393e-03	1.327612e+00	1.327612e+00	2.876861e-03	1.330101e+00
8.028295356388935e-08	4.999064e-03	4.999064e-03	1.327860e+00	1.327860e+00	2.876774e-03	1.330294e+00
8.050756293888935e-08	4.998761e-03	4.998761e-03	1.328103e+00	1.328103e+00	2.876698e-03	1.330484e+00
8.073217231388935e-08	4.998482e-03	4.998482e-03	1.328340e+00	1.328340e+00	2.876634e-03	1.330668e+00
8.095678168888936e-08	4.998226e-03	4.998226e-03	1.328572e+00	1.328572e+00	2.876580e-03	1.330849e+00
8.118139106388936e-08	4.997991e-03	4.997991e-03	1.328799e+00	1.328799e+00	2.876536e-03	1.331026e+00
8.140600043888936e-08	4.997776e-03	4.997776e-03	1.329021e+00	1.329021e+00	2.876502e-03	1.331199e+00
8.163060981388936e-08	4.997580e-03	4.997580e-03	1.329237e+00	1.329237e+00	2.876476e-03	1.331368e+00
8.185521918888937e-08	4.997403e-03	4.997403e-03	1.329450e+00	1.329450e+00	2.876459e-03	1.331534e+00
8.207982856388937e-08	4.997242e-03	4.997242e-03	1.329657e+00	1.329657e+00	2.876449e-03	1.331695e+00
8.230443793888937e-08	4.997097e-03	4.997097e-03	1.329860e+00	1.329860e+00	2.876447e-03	1.331854e+00
8.252904731388938e-08	4.996968e-03	4.996968e-03	1.330059e+00	1.330059e+00	2.876451e-03	1.332008e+00
8.275365668888938e-08	4.996852e-03	4.996852e-03	1.330253e+00	1.330253e+00	2.876461e-03	1.332160e+00
8.297826606388938e-08	4.996750e-03	4.996750e-03	1.330443e+00	1.330443e+00	2.876477e-03	1.332307e+00
8.320287543888938e-08	4.996660e-03	4.996660e-03	1.330629e+00	1.330629e+00	2.876499e-03	1.332452e+00
8.342748481388939e-08	4.996582e-03	4.996582e-03	1.330810e+00	1.330810e+00	2.876526e-03	1.332594e+00
8.365209418888939e-08	4.996516e-03	4.996516e-03	1.330988e+00	1.330988e+00	2.876557e-03	1.332732e+00
8.387670356388939e-08	4.996459e-03	4.996459e-03	1.331162e+00	1.331162e+00	2.876593e-03	1.332867e+00
8.410131293888940e-08	4.996412e-03	4.996412e-03	1.331332e+00	1.331332e+00	2.876632e-03	1.333000e+00
8.432592231388940e-08	4.996374e-03	4.996374e-03	1.331498e+00	1.331498e+00	2.876676e-03	1.333129e+00
8.455053168888940e-08	4.996345e-03	4.996345e-03	1.331661e+00	1.331661e+00	2.876722e-03	1.333256e+00
8.477514106388940e-08	4.996324e-03	4.996324e-03	1.331820e+00	1.331820e+00	2.876773e-03	1.333379e+00
8.499975043888941e-08	4.996310e-03	4.996310e-03	1.331975e+00	1.331975e+00	2.876826e-03	1.333500e+00
8.522435981388941e-08	4.996303e-03	4.996303e-03	1.332127e+00	1.332127e+00	2.876881e-03	1.333619e+00
8.544896918888941e-08	4.996303e-03	4.996303e-03	1.332276e+00	1.332276e+00	2.876939e-03	1.333734e+00
8.567357856388942e-08	4.996310e-03	4.996310e-03	1.332421e+00	1.332421e+00	2.876999e-03	1.333848e+00
8.589818793888942e-08	4.996321e-03	4.996321e-03	1.332563e+00	1.332563e+00	2.877061e-03	1.333958e+00
8.612279731388942e-08	4.996338e-03	4.996338e-03	1.332702e+00	1.332702e+00	2.877126e-03	1.334066e+00
8.634740668888942e-08	4.996360e-03	4.996360e-03	1.332838e+00	1.332838e+00	2.877191e-03	1.334172e+00
8.657201606388943e-08	4.996386e-03	4.996386e-03	1.332971e+00	1.332971e+00	2.877258e-03	1.334275e+00
8.679662543888943e-08	4.996417e-03	4.996417e-03	1.333101e+00	1.333101e+00	2.877327e-03	1.334377e+00
8.702123481388943e-08	4.996452e-03	4.996452e-03	1.333228e+00	1.333228e+00	2.877396e-03	1.334476e+00
8.724584418888943e-08	4.996490e-03	4.996490e-03	1.333353e+00	1.333353e+00	2.877467e-03	1.334572e+00
8.747045356388944e-08	4.996532e-03	4.996532e-03	1.333474e+00	1.333474e+00	2.877538e-03	1.334667e+00
8.945985088531804e-08	4.997112e-03	4.997112e-03	1.334382e+00	1.334382e+00	2.878227e-03	1.335372e+00
9.144924820674663e-08	4.997675e-03	4.997675e-03	1.335179e+00	1.335179e+00	2.878863e-03	1.335992e+00
9.343864552817523e-08	4.998221e-03	4.998221e-03	1.335865e+00	1.335865e+00	2.879447e-03	1.336525e+00
9.542804284960383e-08	4.998750e-03	4.998750e-03	1.336440e+00	1.336440e+00	2.879977e-03	1.336972e+00
9.741744017103243e-08	4.999262e-03	4.999262e-03	1.336905e+00	1.336905e+00	2.880456e-03	1.337333e+00
9.940683749246101e-08	4.999757e-03	4.999757e-03	1.337260e+00	1.337260e+00	2.880882e-03	1.337608e+00
1.013962348138896e-07	5.000235e-03	5.000235e-03	1.337503e+00	1.337503e+00	2.881255e-03	1.337797e+00
1.048295495460325e-07	5.000765e-03	5.000765e-03	1.337838e+00	1.337838e+00	2.881694e-03	1.338057e+00
1.082628642781753e-07	5.001213e-03	5.001213e-03	1.338119e+00	1.338119e+00	2.882064e-03	1.338275e+00
1.116961790103182e-07	5.001579e-03	5.001579e-03	1.338346e+00	1.338346e+00	2.882366e-03	1.338450e+00
1.151294937424610e-07	5.001863e-03	5.001863e-03	1.338518e+00	1.338518e+00	2.882598e-03	1.338584e+00
1.185628084746039e-07	5.002064e-03	5.002064e-03	1.338637e+00	1.338637e+00	2.882762e-03	1.338676e+00
1.219961232067467e-07	5.002184e-03	5.002184e-03	1.338701e+00	1.338701e+00	2.882857e-03	1.338726e+00
1.254294379388895e-07	5.002221e-03	5.002221e-03	1.338712e+00	1.338712e+00	2.882882e-03	1.338735e+00
1.299216254388893e-07	5.002299e-03	5.002299e-03	1.338755e+00	1.338755e+00	2.882945e-03	1.338768e+00
1.300000000000000e-07	5.002300e-03	5.002300e-03	1.338756e+00	1.338756e+00	2.883022e-03	1.338768e+00
1.300224609375000e-07	4.993308e-03	4.993308e-03	1.338748e+00	1.338748e+00	2.882557e-03	1.338768e+00
1.300673828125000e-07	4.955878e-03	4.955878e-03	1.338716e+00	1.338716e+00	2.879726e-03	1.338766e+00
1.301572265625000e-07	4.796256e-03	4.796256e-03	1.338587e+00	1.338587e+00	2.860537e-03	1.338747e+00
1.303369140625000e-07	4.272800e-03	4.272800e-03	1.338161e+00	1.338161e+00	2.776213e-03	1.338662e+00
1.305000000000000e-07	3.658924e-03	3.658924e-03	1.337650e+00	1.337650e+00	2.659891e-03	1.338544e+00
1.305224609375000e-07	3.564656e-03	3.564656e-03	1.337566e+00	1.337566e+00	2.636836e-03	1.338520e+00
1.305673828125000e-07	3.388695e-03	3.388695e-03	1.337423e+00	1.337423e+00	2.590758e-03	1.338473e+00
1.306572265625000e-07	3.086432e-03	3.086432e-03	1.337226e+00	1.337226e+00	2.502410e-03	1.338392e+00
1.308369140625000e-07	2.602763e-03	2.602763e-03	1.336958e+00	1.336958e+00	2.340740e-03	1.338269e+00
1.310615234375000e-07	2.137190e-03	2.137190e-03	1.336696e+00	1.336696e+00	2.161136e-03	1.338168e+00
1.312861328125000e-07	1.782008e-03	1.782008e-03	1.336497e+00	1.336497e+00	2.007986e-03	1.338109e+00
1.315107421875000e-07	1.501972e-03	1.501972e-03	1.336358e+00	1.336358e+00	1.884074e-03	1.338079e+00
1.317353515625000e-07	1.269788e-03	1.269788e-03	1.336259e+00	1.336259e+00	1.788426e-03	1.338067e+00
1.319599609375000e-07	1.079135e-03	1.079135e-03	1.336183e+00	1.336183e+00	1.719602e-03	1.338068e+00
1.321845703125000e-07	9.411745e-04	9.411745e-04	1.336121e+00	1.336121e+00	1.677271e-03	1.338077e+00
1.324091796874999e-07	8.484661e-04	8.484661e-04	1.336071e+00	1.336071e+00	1.657264e-03	1.338090e+00
1.326337890624999e-07	7.761769e-04	7.761769e-04	1.336030e+00	1.336030e+00	1.650414e-03	1.338104e+00
1.328583984374999e-07	7.131224e-04	7.131224e-04	1.335995e+00	1.335995e+00	1.648880e-03	1.338117e+00
1.330000000000000e-07	6.778789e-04	6.778789e-04	1.335976e+00	1.335976e+00	1.649163e-03	1.338125e+00
1.330005000000000e-07	6.777677e-04	6.777677e-04	1.335976e+00	1.335976e+00	8.574586e-04	1.337296e+00
1.330015000000000e-07	6.775454e-04	6.775454e-04	1.335976e+00	1.335976e+00	-2.093110e-03	1.335152e+00
1.330035000000000e-07	6.771014e-04	6.771014e-04	1.335976e+00	1.335976e+00	-9.814463e-03	1.331988e+00
1.330050000000000e-07	6.767687e-04	6.767687e-04	1.335976e+00	1.335976e+00	-1.463497e-02	1.332548e+00
1.330052328096333e-07	6.767171e-04	6.767171e-04	1.335975e+00	1.335975e+00	-1.491047e-02	1.332886e+00
1.330056984288997e-07	6.766141e-04	6.766141e-04	1.335975e+00	1.335975e+00	-1.531422e-02	1.333474e+00
1.330066296674328e-07	6.764079e-04	6.764079e-04	1.335975e+00	1.335975e+00	-1.573124e-02	1.334283e+00
1.330077083150628e-07	6.761694e-04	6.761694e-04	1.335975e+00	1.335975e+00	-1.582221e-02	1.334757e+00
1.330090659661474e-07	6.758695e-04	6.758695e-04	1.335975e+00	1.335975e+00	-1.560373e-02	1.334961e+00
1.330107573416612e-07	6.754964e-04	6.754964e-04	1.335975e+00	1.335975e+00	-1.503103e-02	1.335197e+00
1.330135119353199e-07	6.748900e-04	6.748900e-04	1.335974e+00	1.335974e+00	-1.382074e-02	1.335927e+00
1.330181030617437e-07	6.738833e-04	6.738833e-04	1.335974e+00	1.335974e+00	-1.197696e-02	1.337355e+00
1.330272853145914e-07	6.718846e-04	6.718846e-04	1.335973e+00	1.335973e+00	-8.921852e-03	1.339931e+00
1.330456498202869e-07	6.679452e-04	6.679452e-04	1.335971e+00	1.335971e+00	-3.837043e-03	1.344018e+00
1.330823788316778e-07	6.602940e-04	6.602940e-04	1.335966e+00	1.335966e+00	4.191629e-03	1.349265e+00
1.331558368544595e-07	6.457168e-04	6.457168e-04	1.335958e+00	1.335958e+00	2.672724e-02	1.349440e+00
1.332537336953735e-07	6.276396e-04	6.276396e-04	1.335949e+00	1.335949e+00	1.008513e-01	1.309572e+00
1.333783115701270e-07	6.064899e-04	6.064899e-04	1.335937e+00	1.335937e+00	2.699158e-01	1.177227e+00
1.334619504066769e-07	5.934372e-04	5.934372e-04	1.335930e+00	1.335930e+00	4.192109e-01	1.034356e+00
1.335328630882159e-07	5.831936e-04	5.831936e-04	1.335924e+00	1.335924e+00	5.503002e-01	8.840601e-01
1.336000000000000e-07	5.739602e-04	5.739602e-04	1.335919e+00	1.335919e+00	6.569534e-01	7.346104e-01
1.336081797439461e-07	5.728950e-04	5.728950e-04	1.335918e+00	1.335918e+00	6.574200e-01	7.232844e-01
1.336245392318383e-07	5.707870e-04	5.707870e-04	1.335917e+00	1.335917e+00	6.573101e-01	7.097166e-01
1.336572582076228e-07	5.666782e-04	5.666782e-04	1.335915e+00	1.335915e+00	6.564462e-01	7.005456e-01
1.337226961591916e-07	5.587793e-04	5.587793e-04	1.335910e+00	1.335910e+00	6.563658e-01	6.971197e-01
1.337920105690394e-07	5.509399e-04	5.509399e-04	1.335906e+00	1.335906e+00	6.571499e-01	6.960094e-01
1.339306393887350e-07	5.368242e-04	5.368242e-04	1.335898e+00	1.335898e+00	6.586590e-01	6.941369e-01
1.341552487637350e-07	5.169209e-04	5.169209e-04	1.335886e+00	1.335886e+00	6.608360e-01	6.914194e-01
1.343798581387350e-07	5.001994e-04	5.001994e-04	1.335877e+00	1.335877e+00	6.627584e-01	6.890668e-01
1.346044675137350e-07	4.864485e-04	4.864485e-04	1.335869e+00	1.335869e+00	6.644250e-01	6.870605e-01
1.348290768887350e-07	4.751282e-04	4.751282e-04	1.335862e+00	1.335862e+00	6.658702e-01	6.853473e-01
1.350536862637350e-07	4.657990e-04	4.657990e-04	1.335856e+00	1.335856e+00	6.671213e-01	6.838822e-01
1.352782956387350e-07	4.581021e-04	4.581021e-04	1.335852e+00	1.335852e+00	6.682044e-01	6.826282e-01
1.355029050137349e-07	4.517445e-04	4.517445e-04	1.335848e+00	1.335848e+00	6.691407e-01	6.815537e-01
1.357275143887349e-07	4.464874e-04	4.464874e-04	1.335845e+00	1.335845e+00	6.699501e-01	6.806322e-01
1.359521237637349e-07	4.421362e-04	4.421362e-04	1.335842e+00	1.335842e+00	6.706489e-01	6.798418e-01
1.361767331387349e-07	4.385316e-04	4.385316e-04	1.335840e+00	1.335840e+00	6.712524e-01	6.791632e-01
1.364013425137349e-07	4.355434e-04	4.355434e-04	1.335838e+00	1.335838e+00	6.717728e-01	6.785804e-01
1.366259518887349e-07	4.330644e-04	4.330644e-04	1.335836e+00	1.335836e+00	6.722218e-01	6.780798e-01
1.368505612637349e-07	4.310069e-04	4.310069e-04	1.335835e+00	1.335835e+00	6.726088e-01	6.776496e-01
1.370751706387349e-07	4.292984e-04	4.292984e-04	1.335834e+00	1.335834e+00	6.729424e-01	6.772798e-01
1.372997800137349e-07	4.278791e-04	4.278791e-04	1.335833e+00	1.335833e+00	6.732297e-01	6.769620e-01
1.375243893887349e-07	4.266998e-04	4.266998e-04	1.335832e+00	1.335832e+00	6.734772e-01	6.766886e-01
1.377489987637348e-07	4.257195e-04	4.257195e-04	1.335832e+00	1.335832e+00	6.736903e-01	6.764536e-01
1.379736081387348e-07	4.249046e-04	4.249046e-04	1.335831e+00	1.335831e+00	6.738738e-01	6.762514e-01
1.381982175137348e-07	4.242271e-04	4.242271e-04	1.335831e+00	1.335831e+00	6.740318e-01	6.760775e-01
1.384228268887348e-07	4.236637e-04	4.236637e-04	1.335830e+00	1.335830e+00	6.741678e-01	6.759278e-01
1.386474362637348e-07	4.231952e-04	4.231952e-04	1.335830e+00	1.335830e+00	6.742847e-01	6.757991e-01
1.388720456387348e-07	4.228055e-04	4.228055e-04	1.335830e+00	1.335830e+00	6.743854e-01	6.756883e-01
1.390966550137348e-07	4.224814e-04	4.224814e-04	1.335829e+00	1.335829e+00	6.744719e-01	6.755930e-01
1.393212643887348e-07	4.222120e-04	4.222120e-04	1.335829e+00	1.335829e+00	6.745464e-01	6.755109e-01
1.395458737637348e-07	4.219879e-04	4.219879e-04	1.335829e+00	1.335829e+00	6.746105e-01	6.754403e-01
1.397704831387348e-07	4.218016e-04	4.218016e-04	1.335829e+00	1.335829e+00	6.746656e-01	6.753795e-01
1.399950925137347e-07	4.216467e-04	4.216467e-04	1.335829e+00	1.335829e+00	6.747130e-01	6.753272e-01
1.402197018887347e-07	4.215180e-04	4.215180e-04	1.335829e+00	1.335829e+00	6.747537e-01	6.752822e-01
1.404443112637347e-07	4.214110e-04	4.214110e-04	1.335829e+00	1.335829e+00	6.747887e-01	6.752434e-01
1.406689206387347e-07	4.213222e-04	4.213222e-04	1.335829e+00	1.335829e+00	6.748189e-01	6.752100e-01
1.408935300137347e-07	4.212484e-04	4.212484e-04	1.335829e+00	1.335829e+00	6.748447e-01	6.751813e-01
1.411181393887347e-07	4.211872e-04	4.211872e-04	1.335828e+00	1.335828e+00	6.748670e-01	6.751565e-01
1.413427487637347e-07	4.211365e-04	4.211365e-04	1.335828e+00	1.335828e+00	6.748861e-01	6.751352e-01
1.415673581387347e-07	4.210944e-04	4.210944e-04	1.335828e+00	1.335828e+00	6.749025e-01	6.751168e-01
1.417919675137347e-07	4.210596e-04	4.210596e-04	1.335828e+00	1.335828e+00	6.749166e-01	6.751010e-01
1.420165768887346e-07	4.210308e-04	4.210308e-04	1.335828e+00	1.335828e+00	6.749288e-01	6.750875e-01
1.422411862637346e-07	4.210070e-04	4.210070e-04	1.335828e+00	1.335828e+00	6.749392e-01	6.750757e-01
1.424657956387346e-07	4.209874e-04	4.209874e-04	1.335828e+00	1.335828e+00	6.749482e-01	6.750656e-01
1.426904050137346e-07	4.209713e-04	4.209713e-04	1.335828e+00	1.335828e+00	6.749558e-01	6.750569e-01
1.429150143887346e-07	4.209581e-04	4.209581e-04	1.335828e+00	1.335828e+00	6.749625e-01	6.750494e-01
1.433642331387346e-07	4.209384e-04	4.209384e-04	1.335828e+00	1.335828e+00	6.749730e-01	6.750373e-01
1.438134518887346e-07	4.209256e-04	4.209256e-04	1.335828e+00	1.335828e+00	6.749808e-01	6.750283e-01
1.442626706387345e-07	4.209173e-04	4.209173e-04	1.335828e+00	1.335828e+00	6.749864e-01	6.750216e-01
1.449364987637345e-07	4.209108e-04	4.209108e-04	1.335828e+00	1.335828e+00	6.749923e-01	6.750147e-01
1.453857175137345e-07	4.209095e-04	4.209095e-04	1.335828e+00	1.335828e+00	6.749946e-01	6.750118e-01
1.458349362637345e-07	4.209088e-04	4.209088e-04	1.335828e+00	1.335828e+00	6.749965e-01	6.750094e-01
1.462841550137344e-07	4.209088e-04	4.209088e-04	1.335828e+00	1.335828e+00	6.749981e-01	6.750074e-01
1.467333737637344e-07	4.209093e-04	4.209093e-04	1.335828e+00	1.335828e+00	6.749993e-01	6.750058e-01
1.471825925137344e-07	4.209104e-04	4.209104e-04	1.335828e+00	1.335828e+00	6.750002e-01	6.750046e-01
1.476318112637344e-07	4.209121e-04	4.209121e-04	1.335828e+00	1.335828e+00	6.750007e-01	6.750038e-01
1.480810300137344e-07	4.209144e-04	4.209144e-04	1.335828e+00	1.335828e+00	6.750008e-01	6.750035e-01
1.497816438530200e-07	4.209228e-04	4.209228e-04	1.335828e+00	1.335828e+00	6.750010e-01	6.750026e-01
1.514822576923056e-07	4.209313e-04	4.209313e-04	1.335827e+00	1.335827e+00	6.750012e-01	6.750019e-01
1.531828715315913e-07	4.209399e-04	4.209399e-04	1.335827e+00	1.335827e+00	6.750013e-01	6.750014e-01
1.548834853708769e-07	4.209486e-04	4.209486e-04	1.335827e+00	1.335827e+00	6.750012e-01	6.750010e-01
1.565840992101625e-07	4.209574e-04	4.209574e-04	1.335827e+00	1.335827e+00	6.750012e-01	6.750007e-01
1.582847130494482e-07	4.209663e-04	4.209663e-04	1.335827e+00	1.335827e+00	6.750010e-01	6.750006e-01
1.599853268887338e-07	4.209753e-04	4.209753e-04	1.335827e+00	1.335827e+00	6.750007e-01	6.750007e-01
1.660176929601621e-07	4.210067e-04	4.210067e-04	1.335826e+00	1.335826e+00	6.750005e-01	6.750005e-01
1.720500590315904e-07	4.210380e-04	4.210380e-04	1.335826e+00	1.335826e+00	6.750003e-01	6.750003e-01
1.780824251030187e-07	4.210694e-04	4.210694e-04	1.335825e+00	1.335825e+00	6.750001e-01	6.750001e-01
1.841147911744470e-07	4.211008e-04	4.211008e-04	1.335825e+00	1.335825e+00	6.749999e-01	6.749999e-01
1.901471572458753e-07	4.211321e-04	4.211321e-04	1.335824e+00	1.335824e+00	6.749998e-01	6.749998e-01
1.961795233173036e-07	4.211635e-04	4.211635e-04	1.335824e+00	1.335824e+00	6.749998e-01	6.749998e-01
2.022118893887319e-07	4.211949e-04	4.211949e-04	1.335823e+00	1.335823e+00	6.749997e-01	6.749997e-01
2.024364987637318e-07	4.211960e-04	4.211960e-04	1.335823e+00	1.335823e+00	6.749997e-01	6.749997e-01
2.298388425137306e-07	4.213385e-04	4.213385e-04	1.335821e+00	1.335821e+00	6.749996e-01	6.749996e-01
2.300000000000000e-07	4.213394e-04	4.213394e-04	1.335821e+00	1.335821e+00	6.749996e-01	6.749996e-01
